Hybridization REF	p	difference	q	subclass
AMPLIFICATION-3Q22.1-3Q22.3	1.04805394941811e-07	1.41666666666667	1.83409441148169e-06	1
AMPLIFICATION-3Q23-3Q29	8.41924542710541e-06	1.0625	7.36683974871723e-05	1
DELETION_8P23.3	0.0447219422304378	0.345833333333333	0.130623112776281	1
DAZAP1	0.044785067237582	-0.05	0.130623112776281	1
NOTCH1	0.044785067237582	-0.05	0.130623112776281	1
KIAA1671	0.0133633708522555	-0.075	0.0668168542612775	1
AMPLIFICATION_13Q31.3	0.0330167747604506	-0.075	0.128398568512863	1
DELETION_12P13.2	0.00733714827278625	-0.0875	0.0428000315912531	1
UBR5	0.000354282307444782	-0.15	0.00247997615211347	1
AMPLIFICATION_14Q32.33	0.0255999988904049	-0.254166666666667	0.111999995145521	1
AMPLIFICATION_15Q21.2	2.17588776534747e-06	-0.325	2.53853572623871e-05	1
DELETION_11Q22.3	1.60832132531136e-13	-0.5	5.62912463858976e-12	1
AMPLIFICATION-8Q23.2-8Q24.21	0.0207230105886401	1.10077519379845	0.060442114216867	2
DAZAP1	0.0448376608172536	-0.0465116279069767	0.104621208573592	2
NOTCH1	0.0448376608172536	-0.0465116279069767	0.104621208573592	2
SAMHD1	0.0134311118508096	-0.0697674418604651	0.0427353558889396	2
AMPLIFICATION_13Q31.3	0.0330808284524843	-0.0697674418604651	0.0890637689105347	2
RAD50	0.0073949986574282	-0.0813953488372093	0.0258824953009987	2
DELETION_12P13.2	0.0073949986574282	-0.0813953488372093	0.0258824953009987	2
S1PR1	0.00407297312327732	-0.0930232558139535	0.0178192574143383	2
CCND1	0.00224026863515483	-0.104651162790698	0.0112013431757741	2
ARID1A	0.0012290212618337	-0.116279069767442	0.00716929069402992	2
TP53	0.000365653786578891	-0.13953488372093	0.00255957650605224	2
HLA-C	0.000365653786578891	-0.13953488372093	0.00255957650605224	2
DELETION_6Q21	3.03373306091083e-05	-0.186046511627907	0.00035393552377293	2
KMT2D	3.03373306091083e-05	-0.186046511627907	0.00035393552377293	2
DELETION_1P13.1	2.91993151561478e-07	-0.267441860465116	1.02197603046517e-05	2
DELETION_11Q22.3	1.1096747358679e-11	0.651960784313725	3.88386157553765e-10	3
ATM	3.58187278767163e-05	0.468137254901961	0.000626827737842535	3
DELETION_13Q14.2	0.000940272305290243	0.382352941176471	0.0065819061370317	3
NOTCH1	0.0446501612206212	-0.0588235294117647	0.120211972517057	3
SAMHD1	0.013190682308351	-0.0882352941176471	0.0512970978658094	3
AMPLIFICATION_13Q31.3	0.0328528205260896	-0.0882352941176471	0.095820726534428	3
RAD50	0.00719013333707217	-0.102941176470588	0.0314568333496907	3
DELETION_9P21.3	0.0212566933218814	-0.149509803921569	0.0676349332968954	3
DELETION_9P21.1	0.000613032483280052	-0.161764705882353	0.00536403422870046	3
UBR5	0.000326253901882221	-0.176470588235294	0.00380629552195924	3
DELETION_TP53	0.00573649080377255	-0.208333333333333	0.0286824540188627	3
DELETION_8P23.3	0.0212032818342268	-0.213235294117647	0.0676349332968954	3
AMPLIFICATION-3Q23-3Q29	0.00494164319284328	-0.384803921568627	0.0286824540188627	3
DAZAP1	0.0448035010594034	-0.0487804878048781	0.130676878089927	4
NOTCH1	0.0448035010594034	-0.0487804878048781	0.130676878089927	4
SAMHD1	0.0133870868298953	-0.0731707317073171	0.0468548039046335	4
ANK2	0.0133870868298953	-0.0731707317073171	0.0468548039046335	4
KIAA1671	0.0133870868298953	-0.0731707317073171	0.0468548039046335	4
RAD50	0.00735739004999305	-0.0853658536585366	0.0367869502499652	4
DELETION_12P13.2	0.00735739004999305	-0.0853658536585366	0.0367869502499652	4
S1PR1	0.00404331883347198	-0.0975609756097561	0.0283032318343039	4
CCND1	0.00221813538946176	-0.109756097560976	0.0194086846577904	4
AMPLIFICATION_15Q21.2	2.26313782469546e-06	-0.317073170731707	4.79025182859018e-05	4
AMPLIFICATION-8Q23.2-8Q24.21	8.94087906192199e-06	-0.341463414634146	0.000104310255722423	4
AMPLIFICATION_14Q32.33	2.73728675919439e-06	-0.341463414634146	4.79025182859018e-05	4
UBR5	0.00292175013921484	0.481385281385281	0.00786625037480919	5
HLA-C	0.0295908372905002	0.322077922077922	0.0545094371140793	5
ANK2	0.0133254106238876	-0.0779220779220779	0.0274346689315333	5
KIAA1671	0.0133254106238876	-0.0779220779220779	0.0274346689315333	5
AMPLIFICATION_13Q31.3	0.0329808165506444	-0.0779220779220779	0.0577164289636277	5
DELETION_12P13.2	0.00730477479964101	-0.0909090909090909	0.0170444745324957	5
CCND1	0.00218729042695675	-0.116883116883117	0.00695956044940784	5
ARID1A	0.00119112991863878	-0.12987012987013	0.00416895471523573	5
DELETION_9P21.1	0.000645617478057838	-0.142857142857143	0.00282457646650304	5
TP53	0.00034800311699363	-0.155844155844156	0.00174001558496815	5
DELETION_9P21.3	9.91592184469407e-05	-0.181818181818182	0.000615511070351392	5
DELETION_TP53	6.2362913270661e-05	-0.233766233766234	0.000545675491118284	5
AMPLIFICATION_14Q32.33	0.00525095059170827	-0.283982683982684	0.0131273764792707	5
ATM	0.0239102522393742	-0.293506493506493	0.0464921571321165	5
DELETION_11Q22.3	0.00241353478117515	-0.36017316017316	0.00703947644509419	5
AMPLIFICATION-8Q23.2-8Q24.21	8.27071360573557e-06	-0.363636363636364	9.64916587335816e-05	5
DELETION_19P13.3	1.02217926357794e-09	-0.38961038961039	3.57762742252279e-08	5
DELETION_13Q14.2	0.000949393683753033	-0.399134199134199	0.00369208654792846	5
AMPLIFICATION-3Q22.1-3Q22.3	1.53958574073015e-07	-0.519480519480519	2.69427504627776e-06	5
AMPLIFICATION-3Q23-3Q29	0.00010551618348881	-0.529004329004329	0.000615511070351392	5
AMPLIFICATION_14Q32.33	7.54666341462417e-05	1.30639730639731	0.000880444065039486	6
DELETION_19P13.3	0.0476990922060094	0.352413019079686	0.151769838837303	6
DAZAP1	0.0447944043243716	-0.0493827160493827	0.151769838837303	6
SAMHD1	0.0133753798285148	-0.0740740740740741	0.0585172867497522	6
ANK2	0.0133753798285148	-0.0740740740740741	0.0585172867497522	6
AMPLIFICATION_13Q31.3	0.0330281407717413	-0.0740740740740741	0.128442769667883	6
S1PR1	0.00403544608523912	-0.0987654320987654	0.0235401021638949	6
DELETION_9P21.1	0.000657941009307264	-0.135802469135802	0.00460558706515085	6
DELETION_9P21.3	0.000102643835606992	-0.172839506172839	0.00089813356156118	6
DELETION_6Q21	2.87718664836229e-05	-0.197530864197531	0.000503507663463401	6
DELETION_6Q25.3	2.87718664836229e-05	-0.197530864197531	0.000503507663463401	6
DELETION_6Q21	0.00111878999655529	0.553113553113553	0.00978941246985879	7
DELETION_6Q25.3	0.00111878999655529	0.553113553113553	0.00978941246985879	7
DELETION_9P21.1	0.00189727554176145	0.532967032967033	0.0132809287923302	7
DELETION_9P21.3	0.00331541351228984	0.494505494505494	0.0193399121550241	7
DAZAP1	0.0447656329224249	-0.0512820512820513	0.156679715228487	7
ANK2	0.0133383990371662	-0.0769230769230769	0.0518715518112019	7
RAD50	0.00731584806738057	-0.0897435897435897	0.0365792403369029	7
HLA-C	0.000350144086234602	-0.153846153846154	0.00612752150910553	7
UBR5	0.000350144086234602	-0.153846153846154	0.00612752150910553	7
AMPLIFICATION_14Q32.33	0.0088354984534597	-0.274725274725275	0.0386553057338862	7
