membership	membership.1	membership.2	membership.3	membership.4	membership.5	membership.6
MCL-28	1	1	1	1	1	1	1
UNMC-59	1	1	1	1	2	2	2
HUMC-8	2	2	2	2	3	3	1
UNMC-81	1	3	1	3	4	4	3
UNMC-18	2	1	3	3	1	1	4
HUMC-7	3	4	4	4	2	2	5
UNMC-16	2	2	2	2	5	5	6
UNMC-7	3	5	5	5	2	6	7
S92-5	2	4	2	6	6	7	1
UNMC-33	3	4	6	6	6	6	7
WCM062	2	2	2	2	5	5	6
GROUP4-9	2	2	2	2	5	5	6
UNMC-68-A2	3	4	2	4	2	2	5
M47-024	1	4	3	1	7	7	8
SPECS-3163	3	4	2	5	7	6	5
UNMC-5	2	2	2	2	5	5	6
S94-7	2	2	2	5	7	6	5
GROUP7-1	2	2	2	2	5	5	6
M47-027	2	2	2	2	5	5	6
SPECS-3155	3	4	5	5	7	6	5
GROUP7-15	1	5	1	7	1	7	4
WCM032	4	3	6	3	2	4	3
HUMC3	2	2	2	2	5	5	6
IA04	2	4	2	6	6	7	8
HUMC-15	2	5	2	6	8	7	9
IA1857	1	4	4	1	6	7	8
GROUP6-2	4	3	6	3	4	4	3
GROUP5-9	2	4	2	6	6	7	10
GROUP4-2	2	2	2	2	5	5	6
UNMC-62	3	4	4	4	6	7	5
SPECS-1917	3	4	4	4	6	7	5
IA2852	3	4	4	4	6	8	5
MCL-38	1	1	1	1	1	9	4
GROUP5-6	2	2	2	2	5	5	6
MCL-138	4	3	3	3	3	1	1
GROUP4-7	2	2	2	2	5	5	6
MCL-98	1	1	1	1	1	9	4
GROUP7-17	2	2	2	2	5	5	6
M47-029	1	4	2	6	6	7	8
M22-51	2	2	2	2	5	5	6
HUMC-6	2	2	2	2	5	5	6
S03-3	2	2	2	2	3	5	6
MCL-14	2	2	2	6	5	5	6
MCL-37	2	5	2	5	8	6	9
MCL-33	4	3	3	3	3	1	2
IA2268	2	2	2	2	5	5	6
GROUP4-1	2	2	2	2	5	5	6
GROUP4-4	2	2	2	2	5	5	6
MCL-40	2	4	2	6	6	7	10
GROUP7-13	4	2	3	2	3	1	1
UNMC-20	2	2	2	2	5	5	6
UNMC-69	4	3	6	3	3	4	3
SPECS-3158	2	2	2	2	7	6	5
IA4227	4	4	3	3	2	2	2
GROUP6-4	4	2	3	3	3	1	1
GROUP6-3	2	2	2	2	5	5	6
UNMC-28	1	1	1	1	1	9	4
SPECS-3157	4	3	3	3	4	4	3
MCL-39	2	2	2	2	5	5	6
MCL-42	3	5	5	5	8	6	9
UNMC-90	2	2	2	2	5	5	6
UNMC-48	2	4	2	6	6	7	10
GROUP7-6	2	2	2	2	5	5	6
GROUP5-4	4	3	6	3	4	4	3
IA68	3	5	5	7	8	3	7
GROUP7-11	1	1	6	3	4	4	3
UNMC-6	1	5	4	1	4	7	8
SC86-6	3	5	5	7	8	3	9
IA4885	3	5	5	7	8	3	9
UNMC-55	1	5	5	5	4	3	3
UNMC-47	3	4	4	4	2	2	5
UNMC-87	3	4	4	3	2	2	2
GROUP7-9	3	4	3	3	2	2	2
GROUP7-20	3	4	4	4	2	2	7
GROUP5-10	3	4	4	4	2	2	7
UNMC-64	4	2	3	2	3	2	1
IA2745	2	2	1	1	5	5	6
HUMC4	3	4	4	4	2	2	7
UNMC-79-C1	3	5	5	5	7	6	10
IA2084	3	4	4	3	2	2	2
IA4203	3	4	4	4	2	6	7
IA1147	4	3	6	3	4	4	3
UNMC-61	2	2	2	2	3	1	1
MCL-128	1	1	1	1	1	9	4
GROUP7-14	3	1	3	7	8	3	9
GROUP4-6	4	3	6	3	4	4	8
GROUP7-2	4	2	3	2	3	1	1
HUMC5	2	2	2	2	5	5	6
MCL-35	1	1	1	1	1	9	4
MCL-75	1	4	6	4	4	2	1
UNMC-24	3	5	5	7	8	3	9
M47-023	3	5	5	7	8	3	9
UNMC-86	3	4	4	4	6	8	5
GROUP5-1	3	4	5	4	2	2	5
GROUP5-5	1	4	2	4	2	8	5
UNMC-8	4	3	5	3	2	2	2
GROUP6-1	1	1	1	1	1	9	4
UNMC-23	1	1	1	1	1	9	4
MCL-71	1	1	1	1	1	9	4
IA4289	1	4	2	4	2	8	4
S08-1	3	5	5	7	8	3	9
UNMC-84	3	5	5	7	8	3	9
SC02-11	4	3	6	3	4	4	3
UNMC-44	1	1	5	7	4	3	4
M47-022	3	5	5	7	8	3	9
BC04	3	5	5	7	8	6	9
HUMC-9	2	4	2	6	6	7	10
GROUP7-22	2	4	2	6	6	7	10
M47-3	1	1	1	7	8	8	4
UNMC-51	3	5	5	7	8	3	9
GROUP4-3	3	4	4	4	2	2	5
WCM045	3	4	4	4	2	2	5
UNMC-31	4	2	3	2	3	1	1
GROUP7-5	3	4	4	4	2	2	5
GROUP4-8	3	4	4	3	2	2	2
UNMC-97	4	3	6	3	2	1	2
HUMC1	3	5	4	4	8	3	5
MCL-61	4	2	3	2	3	1	1
S87-4	3	4	4	4	6	8	5
UNMC-85	2	4	2	6	6	7	10
SC08-2	2	4	2	6	6	7	10
S06-166	3	4	5	5	7	6	9
IA2334	3	4	4	4	6	8	5
MCL-122	3	4	4	4	6	8	5
GROUP5-3	1	2	2	4	2	5	6
GROUP5-7	1	1	1	4	2	2	5
S89-9	3	4	5	5	7	6	5
GROUP4-5	4	2	3	2	3	1	1
M47-025	1	1	4	3	4	8	4
IA834	2	2	2	2	5	5	6
HUMC-12	4	2	3	3	3	1	1
UNMC-88	4	2	3	2	3	1	1
GROUP4-11	4	4	6	3	2	4	2
UNMC-39	4	2	3	2	3	1	1
MCL-25	4	3	6	3	4	4	3
HUMC-10	4	3	6	3	4	4	3
GROUP7-19	4	3	6	3	4	4	3
GROUP5-8	2	2	2	2	5	5	6
SPECS-3164	3	5	4	7	7	6	10
UNMC-71-A5	3	5	4	5	7	6	10
MCL-24	1	1	1	1	1	9	4
UNMC-37	1	1	1	1	1	9	4
IA-02	4	3	6	3	4	4	3
GROUP7-3	4	3	6	3	4	4	3
S03-8	1	4	6	4	4	2	1
GROUP5-2	2	2	2	2	5	5	6
GROUP4-10	4	3	3	3	3	1	1
MCL-45	1	4	6	4	4	2	1
MCL-109	1	1	1	1	1	9	4
SC01-10	1	1	1	1	1	9	4
WCM041	3	4	5	5	7	6	5
MCL-146	1	4	6	4	4	2	1
MCL-126	2	2	2	2	5	5	6
