Hybridization REF	p	difference	q	subclass
AMPLIFICATION-3Q22.1-3Q22.3	3.09676072640337e-09	1.23913043478261	5.4193312712059e-08	1
AMPLIFICATION-3Q23-3Q29	1.4522388438521e-10	1.06521739130435	5.08283595348235e-09	1
TET2	0.0134897730195326	-0.0652173913043478	0.0578836470222138	1
NOTCH2	0.0134897730195326	-0.0652173913043478	0.0578836470222138	1
DELETION_9P21.1	0.0442823301361549	-0.119565217391304	0.140898323160493	1
AMPLIFICATION_18Q21.33	0.00188987890853647	-0.119565217391304	0.0132291523597553	1
DELETION_9P21.3	0.0303936005344194	-0.130434782608696	0.106377601870468	1
TP53	0.00020463777470324	-0.141304347826087	0.00179058052865335	1
UBR5	0.00020463777470324	-0.141304347826087	0.00179058052865335	1
AMPLIFICATION_7P22.3	0.0148843663771407	-0.217391304347826	0.0578836470222138	1
AMPLIFICATION_15Q21.2	0.0025425280050608	-0.271739130434783	0.0148314133628547	1
UBR5	0.00221475355911761	0.521923620933522	0.00734315215447186	2
BORCS8-MEF2B	0.0245972811331862	-0.0495049504950495	0.0506414611565598	2
ANK2	0.0245972811331862	-0.0495049504950495	0.0506414611565598	2
TET2	0.0135643671559978	-0.0594059405940594	0.0316501900306615	2
SPEN	0.00750909219335163	-0.0693069306930693	0.0187727304833791	2
DELETION_12P13.2	0.00230784781997687	-0.0891089108910891	0.00734315215447186	2
CCND1	0.000388647457279448	-0.118811881188119	0.00170033262559759	2
DELETION_9P21.1	3.43207622795535e-05	-0.158415841584158	0.000171603811397768	2
DELETION_9P21.3	1.84799319279442e-05	-0.168316831683168	0.000107799602913008	2
DELETION_6Q25.3	9.89439328026406e-06	-0.178217821782178	6.92607529618484e-05	2
DELETION_15Q26.2	2.78522301528886e-06	-0.198019801980198	2.43707013837775e-05	2
DELETION_TP53	1.85647257973509e-06	-0.277227722772277	2.16588467635761e-05	2
WIDE_PEAK_1P21.2-22.1	0.0308289990810193	-0.290664780763791	0.0567902614650356	2
DELETION_13Q14.2	0.0308289990810193	-0.290664780763791	0.0567902614650356	2
DELETION_17P13.3	0.0020046427991206	-0.294908062234795	0.00734315215447186	2
DELETION_11Q22.3	0.00411820292476167	-0.352192362093352	0.0120114251972215	2
AMPLIFICATION-8Q23.2-8Q24.21	1.03882666167228e-07	-0.396039603960396	1.81794665792649e-06	2
AMPLIFICATION-3Q23-3Q29	0.0068832799505522	-0.518387553041018	0.018531907559179	2
AMPLIFICATION-3Q22.1-3Q22.3	1.81689878186434e-11	-0.603960396039604	6.35914573652519e-10	2
AMPLIFICATION_15Q21.2	8.25640858629945e-05	0.683497536945813	0.000722435751301202	3
DELETION_11Q22.3	3.03202498770689e-08	0.535303776683087	1.06120874569741e-06	3
ATM	0.000302325598594187	0.392446633825944	0.00211627919015931	3
DELETION_13Q14.2	0.000435673502650446	0.370689655172414	0.00254142876546093	3
CCND1	0.0342025790789259	0.192528735632184	0.0997575223135339	3
SPEN	0.00740385085892246	-0.0804597701149425	0.028792753340254	3
RAD50	0.00740385085892246	-0.0804597701149425	0.028792753340254	3
KMT2C	0.00067443782781069	-0.126436781609195	0.00337218913905345	3
DELETION_9P21.1	0.0133126919107079	-0.136699507389163	0.0423585651704342	3
DELETION_9P21.3	0.00828819600125966	-0.148193760262726	0.0290086860044088	3
AMPLIFICATION-3Q23-3Q29	6.79135301108251e-05	-0.507389162561576	0.000722435751301202	3
AMPLIFICATION-3Q22.1-3Q22.3	8.38366107177828e-07	-0.55952380952381	1.4671406875612e-05	3
DELETION_TP53	0.000124973028871935	0.946666666666667	0.00371656627961936	4
TP53	0.000765919364975153	0.56	0.00670179444353259	4
DELETION_17P13.3	0.00173149553145621	0.463333333333333	0.0121204687201935	4
BORCS8-MEF2B	0.0245895225721711	-0.05	0.0956259211139987	4
ANK2	0.0245895225721711	-0.05	0.0956259211139987	4
PCLO	0.0135567589193151	-0.06	0.0677837945965755	4
DELETION_12P13.2	0.00230396571269008	-0.09	0.0134397999906921	4
KMT2C	0.000703758401481334	-0.11	0.00670179444353259	4
UBR5	0.000212375215978249	-0.13	0.00371656627961936	4
WIDE_PEAK_1P21.2-22.1	4.6436658380062e-08	0.543560606060606	1.62528304330217e-06	5
DELETION_1P13.1	0.000959950083907462	0.513888888888889	0.00373313921519569	5
DELETION_1Q21.1-1Q21.3	0.000942636290287111	0.495580808080808	0.00373313921519569	5
BORCS8-MEF2B	0.0245816018934416	-0.0505050505050505	0.0573570710846971	5
ANK2	0.0245816018934416	-0.0505050505050505	0.0573570710846971	5
PCLO	0.0135489930074483	-0.0606060606060606	0.0364780580969762	5
NOTCH2	0.0135489930074483	-0.0606060606060606	0.0364780580969762	5
RAD50	0.00749590896869122	-0.0707070707070707	0.0238506194458357	5
AMPLIFICATION_13Q31.3	0.00699253001336007	-0.111111111111111	0.0238506194458357	5
CCND1	0.000385952173050749	-0.121212121212121	0.00192976086525374	5
DELETION_9P21.1	3.38435296202223e-05	-0.161616161616162	0.000236904707341556	5
DELETION_15Q26.2	2.71880225388787e-06	-0.202020202020202	2.37895197215189e-05	5
DELETION_TP53	1.8087224742173e-06	-0.282828282828283	2.11017621992018e-05	5
AMPLIFICATION-8Q23.2-8Q24.21	9.96004199228987e-08	-0.404040404040404	1.74300734865073e-06	5
AMPLIFICATION-3Q22.1-3Q22.3	0.00021764750588418	-0.470959595959596	0.00126961045099105	5
AMPLIFICATION-8Q23.2-8Q24.21	0.00495759448262133	0.65515350877193	0.0260095392306523	6
AMPLIFICATION_7P22.3	0.00504691845988112	0.633223684210526	0.0260095392306523	6
DELETION_9P21.1	6.09645782194662e-05	0.589912280701754	0.000870297993121444	6
DELETION_9P21.3	7.45969708389809e-05	0.579495614035088	0.000870297993121444	6
DELETION_6Q25.3	0.00520190784613047	0.379934210526316	0.0260095392306523	6
DELETION_8P23.3	0.0144500730022563	0.328947368421053	0.0505752555078971	6
ANK2	0.0245568147184813	-0.0520833333333333	0.0730245555056821	6
PCLO	0.0135246986567618	-0.0625	0.0505752555078971	6
AMPLIFICATION_13Q31.3	0.0069722022198401	-0.114583333333333	0.0305033847118004	6
CCND1	0.000381715664936671	-0.125	0.00334001206819587	6
DELETION_1P13.1	0.025036990459091	-0.155701754385965	0.0730245555056821	6
KMT2D	4.98352388440997e-06	-0.197916666666667	0.000174423335954349	6
