Hybridization REF	p	difference	q	subclass
AMPLIFICATION-3Q22.1-3Q22.3	8.87490357697941e-19	1.61336254107338	3.10621625194279e-17	1
AMPLIFICATION-3Q23-3Q29	3.81778784956295e-12	1.21467688937568	6.68112873673516e-11	1
NOTCH1	0.0244278475884526	-0.0602409638554217	0.0569983110397227	1
NOTCH2	0.0244278475884526	-0.0602409638554217	0.0569983110397227	1
BIRC3	0.0133985030978238	-0.072289156626506	0.0448954929292813	1
DAZAP1	0.00736713835383533	-0.0843373493975904	0.0368356917691766	1
KIAA1671	0.00736713835383533	-0.0843373493975904	0.0368356917691766	1
SP140	0.00405100126355898	-0.0963855421686747	0.0354462610561411	1
DELETION_6Q25.3	0.0224427568279932	-0.147316538882804	0.0569983110397227	1
DELETION_6Q21	0.00619563129881744	-0.183461117196057	0.0368356917691766	1
DELETION_17P11.2	0.0237841392134058	-0.186199342825849	0.0569983110397227	1
AMPLIFICATION_17Q24.3	0.0141100120634884	-0.273274917853231	0.0448954929292813	1
ATM	0.0129200809682684	-0.278751369112815	0.0448954929292813	1
DELETION_11Q22.3	0.0129200809682684	-0.278751369112815	0.0448954929292813	1
AMPLIFICATION_15Q21.2	0.000102586074326304	-0.315991237677985	0.00119683753380688	1
DELETION_1P13.1	0.00872835964716154	0.428571428571429	0.0234994298192811	2
NOTCH2	0.0245117352059073	-0.0549450549450549	0.0536194207629222	2
BIRC3	0.0134805483949578	-0.0659340659340659	0.0337013709873945	2
DAZAP1	0.00743728092880808	-0.0769230769230769	0.0216920693756902	2
KIAA1671	0.00743728092880808	-0.0769230769230769	0.0216920693756902	2
ARID1A	0.00743728092880808	-0.0769230769230769	0.0216920693756902	2
SP140	0.00410636317866239	-0.0879120879120879	0.0159691901392426	2
S1PR1	0.00410636317866239	-0.0879120879120879	0.0159691901392426	2
CARD11	0.00410636317866239	-0.0879120879120879	0.0159691901392426	2
KMT2C	0.00226523724737774	-0.0989010989010989	0.0132138839430368	2
TP53	0.000374087381510018	-0.131868131868132	0.00261861167057013	2
DELETION_9P21.1	3.17751085287216e-05	-0.175824175824176	0.000278032199626314	2
DELETION_17P11.2	0.0327545792384874	-0.192307692307692	0.0674358984321799	2
DELETION_TP53	2.57634623431043e-05	-0.230769230769231	0.000278032199626314	2
AMPLIFICATION-8Q23.2-8Q24.21	4.78374571611401e-07	-0.406593406593407	1.6743110006399e-05	2
AMPLIFICATION-3Q23-3Q29	0.0228800897245553	-0.450549450549451	0.0533868760239624	2
AMPLIFICATION-3Q22.1-3Q22.3	9.23412389167901e-06	-0.543956043956044	0.000161597168104383	2
AMPLIFICATION-8Q23.2-8Q24.21	4.6785532143001e-05	1.20161290322581	0.000545831208335012	3
DELETION_11Q22.3	0.00280652994139103	0.435483870967742	0.0140326497069552	3
NOTCH2	0.0245303699180331	-0.0537634408602151	0.0572375298087439	3
PCLO	0.0245303699180331	-0.0537634408602151	0.0572375298087439	3
BIRC3	0.0134987938225596	-0.0645161290322581	0.0363429064453528	3
DAZAP1	0.00745289950203391	-0.0752688172043011	0.0217376235475989	3
ARID1A	0.00745289950203391	-0.0752688172043011	0.0217376235475989	3
HLA-C	0.00411871055112391	-0.0860215053763441	0.0144154869289337	3
SP140	0.00411871055112391	-0.0860215053763441	0.0144154869289337	3
S1PR1	0.00411871055112391	-0.0860215053763441	0.0144154869289337	3
KMT2C	0.00227448297853159	-0.0967741935483871	0.0132678173747676	3
TP53	0.000377228772979535	-0.129032258064516	0.00264060141085675	3
KMT2D	0.000205669301156616	-0.139784946236559	0.00179960638512039	3
DELETION_6Q21	2.51030663708301e-06	-0.21505376344086	4.39303661489527e-05	3
DELETION_1P13.1	1.30151288238712e-06	-0.225806451612903	4.39303661489527e-05	3
DELETION_11Q22.3	4.32721571415917e-21	0.617021276595745	1.51452549995571e-19	5
BIRC3	0.0485379678533377	0.342359767891683	0.0894120460456221	5
NOTCH1	0.0245393791782414	-0.0531914893617021	0.0477154595132472	5
NOTCH2	0.0245393791782414	-0.0531914893617021	0.0477154595132472	5
ARID1A	0.00746045540801096	-0.074468085106383	0.016319746205024	5
HLA-C	0.00412468652685428	-0.0851063829787234	0.00962426856265999	5
SP140	0.00412468652685428	-0.0851063829787234	0.00962426856265999	5
CARD11	0.00412468652685428	-0.0851063829787234	0.00962426856265999	5
KMT2C	0.00227896021777755	-0.0957446808510638	0.00664696730185119	5
TP53	0.000378753563407494	-0.127659574468085	0.00120512497447839	5
SMARCA4	0.000112250499317513	-0.148936170212766	0.000436529719568106	5
DELETION_9P21.1	3.25822478810997e-05	-0.170212765957447	0.000142547334479811	5
DELETION_9P21.3	1.73991856224134e-05	-0.180851063829787	0.000101495249464078	5
DELETION_6Q25.3	1.73991856224134e-05	-0.180851063829787	0.000101495249464078	5
DELETION_TP53	2.64522868847309e-05	-0.223404255319149	0.000132261434423654	5
DELETION_1P13.1	1.3224560349567e-06	-0.223404255319149	1.15714903058711e-05	5
AMPLIFICATION-8Q23.2-8Q24.21	5.06996087361949e-07	-0.393617021276596	5.91495435255607e-06	5
AMPLIFICATION_17Q24.3	3.03710999779976e-07	-0.393617021276596	5.31494249614958e-06	5
AMPLIFICATION-3Q22.1-3Q22.3	0.000289244947339191	-0.504835589941973	0.00101235731568717	5
DELETION_TP53	0.0141185516745349	0.865979381443299	0.0352963791863373	6
TP53	0.0192668814954083	0.552835051546392	0.0429891935085205	6
DELETION_17P13.3	0.0215742750949193	0.481958762886598	0.0429891935085205	6
NOTCH1	0.0245652534334403	-0.0515463917525773	0.0429891935085205	6
NOTCH2	0.0245652534334403	-0.0515463917525773	0.0429891935085205	6
PCLO	0.0245652534334403	-0.0515463917525773	0.0429891935085205	6
TET2	0.0245652534334403	-0.0515463917525773	0.0429891935085205	6
DAZAP1	0.0074821732589165	-0.0721649484536082	0.0218230053385065	6
HLA-C	0.00414187262656124	-0.0824742268041237	0.0131786856299676	6
S1PR1	0.00414187262656124	-0.0824742268041237	0.0131786856299676	6
CARD11	0.00414187262656124	-0.0824742268041237	0.0131786856299676	6
KMT2C	0.00229184492012354	-0.0927835051546392	0.0100268215255405	6
KMT2D	0.000209606608782428	-0.134020618556701	0.0012227052178975	6
DELETION_9P21.1	3.33510549666876e-05	-0.164948453608247	0.000233457384766813	6
DELETION_9P21.3	1.78761914081316e-05	-0.175257731958763	0.000156416674821152	6
DELETION_6Q25.3	1.78761914081316e-05	-0.175257731958763	0.000156416674821152	6
DELETION_15Q26.2	9.52370385386184e-06	-0.185567010309278	0.000156416674821152	6
DELETION_1Q21.1-1Q21.3	1.88288819459446e-07	-0.247422680412371	6.59010868108061e-06	6
AMPLIFICATION-3Q22.1-3Q22.3	0.00905585808295181	-0.452319587628866	0.024381156377178	6
AMPLIFICATION-3Q23-3Q29	0.00130972224805018	-0.596649484536082	0.0065486112402509	6
SP140	0.0174905916283167	0.524305555555556	0.055651882453735	7
NOTCH1	0.0245568147184813	-0.0520833333333333	0.0613920367962032	7
NOTCH2	0.0245568147184813	-0.0520833333333333	0.0613920367962032	7
TET2	0.0245568147184813	-0.0520833333333333	0.0613920367962032	7
BIRC3	0.0135246986567618	-0.0625	0.0473364452986663	7
KIAA1671	0.00747508726218034	-0.0729166666666667	0.032703506772039	7
TP53	0.000381715664936671	-0.125	0.00190857832468336	7
KMT2D	0.000208649576332932	-0.135416666666667	0.00121712252860877	7
DELETION_6Q25.3	1.77195713267617e-05	-0.177083333333333	0.000155046249109165	7
DELETION_15Q26.2	9.42779758294903e-06	-0.1875	0.000109990971801072	7
DELETION_TP53	2.68935823151649e-05	-0.21875	0.000188255076206154	7
AMPLIFICATION-8Q23.2-8Q24.21	5.2574269940349e-07	-0.385416666666667	9.20049723956107e-06	7
AMPLIFICATION-3Q23-3Q29	0.0106978224510281	-0.496527777777778	0.0416026428651093	7
AMPLIFICATION-3Q22.1-3Q22.3	1.90856068574525e-10	-0.59375	6.67996240010837e-09	7
AMPLIFICATION_17Q24.3	0.00020478716368328	1.26588628762542	0.0035837753644574	8
AMPLIFICATION_15Q21.2	2.61817511523254e-05	1.06772575250836	0.000916361290331389	8
NOTCH1	0.0245211575744128	-0.0543478260869565	0.0953600572338276	8
PCLO	0.0245211575744128	-0.0543478260869565	0.0953600572338276	8
TET2	0.0245211575744128	-0.0543478260869565	0.0953600572338276	8
ARID1A	0.0074451765414153	-0.0760869565217391	0.0434301964915892	8
CARD11	0.00411260420393774	-0.0869565217391304	0.0359852867844552	8
TP53	0.000375673678897538	-0.130434782608696	0.00438285958713794	8
AMPLIFICATION-8Q23.2-8Q24.21	0.00536865005569119	-0.31438127090301	0.0375805503898383	8
DELETION_6Q25.3	2.10774701821796e-07	0.852150537634409	3.94114014166107e-06	9
DELETION_6Q21	2.25208008094918e-07	0.81989247311828	3.94114014166107e-06	9
ATM	0.00280652994139103	0.435483870967742	0.0196457095897372	9
NOTCH2	0.0445918060771663	0.32258064516129	0.120054862515448	9
NOTCH1	0.0245303699180331	-0.0537634408602151	0.0715469122609299	9
PCLO	0.0245303699180331	-0.0537634408602151	0.0715469122609299	9
TET2	0.0245303699180331	-0.0537634408602151	0.0715469122609299	9
BIRC3	0.0134987938225596	-0.0645161290322581	0.052495309309954	9
DAZAP1	0.00745289950203391	-0.0752688172043011	0.0326064353213984	9
HLA-C	0.00411871055112391	-0.0860215053763441	0.0205935527556195	9
CARD11	0.00411871055112391	-0.0860215053763441	0.0205935527556195	9
KMT2D	0.000205669301156616	-0.139784946236559	0.00179960638512039	9
SMARCA4	0.000111591898082307	-0.150537634408602	0.00130190547762691	9
