membership	membership.1	membership.2	membership.3	membership.4	membership.5	membership.6
MCL-28	1	1	1	1	1	1	1
UNMC-59	1	2	1	2	2	1	2
HUMC-8	2	3	2	3	3	2	3
UNMC-81	3	1	1	1	4	1	4
UNMC-18	1	1	3	1	1	3	1
HUMC-7	4	2	4	4	5	4	5
UNMC-16	4	2	4	3	5	5	2
UNMC-7	3	2	5	5	5	6	6
S92-5	3	4	5	6	6	7	7
UNMC-33	4	2	4	4	5	4	6
WCM062	2	3	2	3	3	5	2
GROUP4-9	2	3	2	3	3	2	3
UNMC-68-A2	2	5	5	5	7	7	8
M47-024	3	5	5	5	7	6	8
SPECS-3163	2	3	5	5	7	6	8
UNMC-5	2	3	2	3	3	5	2
S94-7	2	3	5	5	7	6	8
GROUP7-1	2	3	2	3	3	2	3
M47-027	2	3	2	3	3	2	3
SPECS-3155	3	5	5	5	7	6	8
GROUP7-15	1	1	1	7	4	1	9
WCM032	2	4	1	6	6	7	9
HUMC3	2	3	2	3	3	5	2
IA04	2	3	3	2	2	5	2
HUMC-15	2	3	3	7	8	8	10
IA1857	2	3	2	3	3	1	2
GROUP6-2	3	5	5	7	8	6	8
GROUP5-9	3	4	5	6	6	7	7
GROUP4-2	2	3	2	7	8	5	2
UNMC-62	2	3	4	7	5	9	5
SPECS-1917	2	5	4	5	7	9	3
IA2852	2	4	4	4	3	9	5
MCL-38	1	1	1	1	4	1	9
GROUP5-6	2	3	2	3	3	5	2
MCL-138	3	2	3	2	2	3	10
GROUP4-7	2	3	2	3	3	5	2
MCL-98	1	1	1	1	4	1	9
GROUP7-17	2	3	2	3	3	2	2
M47-029	2	3	2	3	3	2	3
M22-51	2	3	2	3	3	5	2
HUMC-6	1	3	2	3	3	5	2
S03-3	1	3	1	3	3	3	1
MCL-14	2	4	5	6	6	7	7
MCL-37	2	3	2	3	3	5	2
MCL-33	3	2	3	2	2	3	10
IA2268	2	3	2	3	3	2	2
GROUP4-1	2	3	2	3	8	5	2
GROUP4-4	2	3	2	3	3	2	2
MCL-40	2	3	2	3	3	2	3
GROUP7-13	1	1	1	1	1	3	1
UNMC-20	1	3	2	3	3	5	2
UNMC-69	3	2	3	2	2	3	10
SPECS-3158	2	5	5	5	7	6	8
IA4227	3	2	3	2	2	3	10
GROUP6-4	1	2	1	2	2	3	10
GROUP6-3	2	3	2	3	8	5	10
UNMC-28	1	1	1	1	4	1	9
SPECS-3157	3	2	3	2	2	3	10
MCL-39	2	3	2	3	3	5	2
MCL-42	3	5	6	5	7	6	4
UNMC-90	2	3	2	3	3	5	2
UNMC-48	2	3	2	3	3	5	2
GROUP7-6	2	3	2	3	3	5	2
GROUP5-4	1	2	1	1	1	6	6
IA68	4	3	6	7	8	8	6
GROUP7-11	4	1	1	1	7	6	9
UNMC-6	2	3	2	3	3	2	3
SC86-6	3	5	2	5	5	9	4
IA4885	2	3	2	3	7	2	4
UNMC-55	4	5	6	7	8	6	6
UNMC-47	4	2	4	4	5	4	5
UNMC-87	4	2	4	4	5	4	5
GROUP7-9	4	2	4	4	3	4	5
GROUP7-20	4	2	4	4	5	4	6
GROUP5-10	4	2	5	4	5	7	6
UNMC-64	1	2	4	2	1	4	1
IA2745	4	3	2	3	3	5	2
HUMC4	4	2	4	3	5	4	6
UNMC-79-C1	3	5	5	5	7	6	4
IA2084	4	2	4	4	5	4	5
IA4203	4	2	4	4	5	4	6
IA1147	4	3	6	7	8	8	6
UNMC-61	4	5	5	4	1	6	6
MCL-128	1	1	1	1	4	1	9
GROUP7-14	2	1	2	3	7	2	3
GROUP4-6	2	3	6	7	1	6	3
GROUP7-2	1	1	1	1	1	2	1
HUMC5	2	3	2	3	3	2	3
MCL-35	1	1	1	1	4	1	9
MCL-75	2	3	6	7	8	8	10
UNMC-24	2	3	2	3	8	2	9
M47-023	2	3	2	3	7	2	4
UNMC-86	2	4	4	4	5	9	5
GROUP5-1	3	5	5	6	6	7	8
GROUP5-5	2	3	2	3	3	2	3
UNMC-8	3	2	1	2	2	3	10
GROUP6-1	1	4	1	1	4	1	9
UNMC-23	1	1	1	2	4	1	9
MCL-71	1	1	1	1	4	1	9
IA4289	1	4	1	2	2	7	9
S08-1	2	3	2	3	7	2	4
UNMC-84	2	3	2	3	7	2	4
SC02-11	3	5	6	5	7	6	8
UNMC-44	1	1	1	3	4	1	4
M47-022	2	3	2	3	7	2	4
BC04	3	5	6	5	7	6	4
HUMC-9	3	4	5	6	6	7	7
GROUP7-22	3	4	5	6	6	7	7
M47-3	2	4	5	6	6	7	7
UNMC-51	3	3	2	7	8	2	4
GROUP4-3	2	4	4	4	5	4	5
WCM045	4	2	4	4	5	4	5
UNMC-31	1	1	1	1	1	3	1
GROUP7-5	4	2	4	4	5	4	5
GROUP4-8	4	2	4	4	5	4	5
UNMC-97	1	2	1	2	2	3	1
HUMC1	4	3	4	3	5	2	3
MCL-61	1	1	1	1	1	3	1
S87-4	3	5	4	4	7	9	5
UNMC-85	2	4	2	6	3	7	3
SC08-2	2	4	5	6	6	7	7
S06-166	3	5	5	5	7	6	4
IA2334	2	4	4	4	5	9	5
MCL-122	2	4	4	4	5	9	5
GROUP5-3	1	2	1	3	3	5	2
GROUP5-7	1	2	1	4	8	1	2
S89-9	3	5	5	5	6	6	8
GROUP4-5	1	1	1	1	1	3	1
M47-025	2	3	2	3	3	2	3
IA834	2	3	2	3	3	2	3
HUMC-12	1	1	1	1	1	3	1
UNMC-88	1	1	1	1	1	3	1
GROUP4-11	3	2	4	4	2	9	5
UNMC-39	1	1	1	1	1	3	1
MCL-25	3	2	4	4	2	3	5
HUMC-10	3	5	5	5	7	6	8
GROUP7-19	1	3	1	7	8	8	9
GROUP5-8	2	3	2	3	3	5	2
SPECS-3164	3	5	2	5	5	9	4
UNMC-71-A5	3	5	5	5	7	7	8
MCL-24	1	1	1	1	4	1	9
UNMC-37	1	1	1	1	4	1	9
IA-02	1	1	1	1	4	1	3
GROUP7-3	1	2	1	2	2	3	1
S03-8	4	4	4	4	8	9	7
GROUP5-2	1	3	2	3	3	5	2
GROUP4-10	3	2	3	2	8	3	10
MCL-45	2	3	2	3	3	2	3
MCL-109	1	1	1	1	4	1	9
SC01-10	1	4	1	1	6	1	7
WCM041	3	5	5	5	7	6	6
MCL-146	4	4	4	4	8	9	7
MCL-126	2	3	2	3	3	5	2
