Hybridization REF	p	difference	q	subclass
AMPLIFICATION-3Q22.1-3Q22.3	2.51508897243421e-08	1.24016563146998	4.40140570175987e-07	1
AMPLIFICATION-3Q23-3Q29	1.39788242184014e-09	1.1407867494824	4.89258847644049e-08	1
AMPLIFICATION-8Q23.2-8Q24.21	0.0397799163832197	0.418219461697723	0.126572461219335	1
TET2	0.0244392426967647	-0.0595238095238095	0.0855373494386765	1
BIRC3	0.0244392426967647	-0.0595238095238095	0.0855373494386765	1
RAD50	0.0134096393229407	-0.0714285714285714	0.0586671720378656	1
KMT2C	0.00405850018151255	-0.0952380952380952	0.0202925009075628	1
ARID1A	0.00222946144422572	-0.107142857142857	0.0130051917579834	1
TP53	0.000195616512206536	-0.154761904761905	0.00171164448180719	1
AMPLIFICATION_15Q21.2	6.82296859942077e-05	-0.325569358178054	0.000796013003265757	1
ATM	0.000537097478042501	-0.333850931677019	0.00375968234629751	1
AMPLIFICATION_7P22.3	0.043033364209623	0.493131868131868	0.115859057487447	2
DELETION_1Q21.1-1Q21.3	0.00300161177857912	0.449175824175824	0.0159691901392426	2
DELETION_1P13.1	0.00390805410836436	0.441620879120879	0.0159691901392426	2
BIRC3	0.0245117352059073	-0.0549450549450549	0.0714925610172296	2
CARD11	0.00410636317866239	-0.0879120879120879	0.0159691901392426	2
KIAA1671	0.00410636317866239	-0.0879120879120879	0.0159691901392426	2
SP140	0.000684299704559387	-0.120879120879121	0.00598762241489464	2
AMPLIFICATION_13Q31.3	0.00693529699286792	-0.120879120879121	0.0242735394750377	2
HLA-C	0.000374087381510018	-0.131868131868132	0.00436435278428354	2
TP53	0.000203586295998791	-0.142857142857143	0.00356276017997884	2
CCND1	5.93620570224367e-05	-0.164835164835165	0.00207767199578528	2
AMPLIFICATION_15Q21.2	0.002495504625794	-0.278159340659341	0.0159691901392426	2
DELETION_13Q14.2	0.0100125637108233	-0.317994505494505	0.0318581572617105	2
DELETION_11Q22.3	2.92449287165476e-19	0.683465959328028	1.02357250507917e-17	3
ATM	4.79082460447506e-09	0.596816976127321	8.38394305783136e-08	3
AMPLIFICATION_15Q21.2	0.00245194599335603	0.488505747126437	0.00953534552971789	3
DELETION_13Q14.2	0.000639951013550056	0.365163572060124	0.00306794617947384	3
NOTCH1	0.0243662983753623	-0.0641025641025641	0.0609157459384057	3
RAD50	0.0133383990371662	-0.0769230769230769	0.0389036638584014	3
TP53	0.000187809438917026	-0.166666666666667	0.00109555506034932	3
UBR5	0.000100057375002981	-0.179487179487179	0.000700401625020867	3
DELETION_1Q21.1-1Q21.3	0.0158610026705671	-0.191423519009726	0.0427026994976807	3
DELETION_9P21.1	2.77649769078617e-05	-0.205128205128205	0.00024294354794379	3
DELETION_8P23.3	0.00704073140720529	-0.217064544650752	0.0228175995106328	3
DELETION_9P21.3	1.44461567560975e-05	-0.217948717948718	0.000168538495487804	3
AMPLIFICATION-3Q22.1-3Q22.3	0.00717124556048458	-0.361184792219275	0.0228175995106328	3
AMPLIFICATION-3Q23-3Q29	0.000701244841022593	-0.433244916003537	0.00306794617947384	3
DELETION_9P21.1	1.50277635563192e-06	0.846590909090909	4.57854922898282e-05	4
DELETION_9P21.3	0.000103862964301016	0.734848484848485	0.00121173458351185	4
TP53	0.041265982260785	0.371212121212121	0.160478819903053	4
BIRC3	0.0245568147184813	-0.0520833333333333	0.107436064393356	4
ANK2	0.00747508726218034	-0.0729166666666667	0.0373754363109017	4
SPEN	0.00413626369287672	-0.0833333333333333	0.0241282048751142	4
KMT2C	0.00413626369287672	-0.0833333333333333	0.0241282048751142	4
HLA-C	0.000381715664936671	-0.125	0.00334001206819587	4
DELETION_1P13.1	2.61631384513304e-06	-0.208333333333333	4.57854922898282e-05	4
UBR5	0.00549435287962166	0.403921568627451	0.0174820318897053	5
HLA-C	0.0111779087807243	0.356209150326797	0.0279447719518107	5
TET2	0.0245020955512088	-0.0555555555555556	0.0535983340182692	5
BIRC3	0.0245020955512088	-0.0555555555555556	0.0535983340182692	5
KIAA1671	0.00409998297719149	-0.0888888888888889	0.0159443782446336	5
SPEN	0.00409998297719149	-0.0888888888888889	0.0159443782446336	5
TP53	0.000202514294054298	-0.144444444444444	0.00101257147027149	5
DELETION_9P21.1	3.14970870924376e-05	-0.177777777777778	0.000183733008039219	5
DELETION_9P21.3	1.67284651176634e-05	-0.188888888888889	0.000117099255823644	5
DELETION_17P13.3	0.00801706426738915	-0.27124183006536	0.0215844037968169	5
DELETION_11Q22.3	0.028485360501366	-0.275816993464052	0.0586463304439888	5
DELETION_TP53	2.1585224560061e-06	-0.277777777777778	3.77741429801067e-05	5
AMPLIFICATION-8Q23.2-8Q24.21	5.43504519896465e-06	-0.333333333333333	6.34088606545876e-05	5
DELETION_13Q14.2	0.00485525794310977	-0.334640522875817	0.0169934028008842	5
AMPLIFICATION-3Q23-3Q29	0.00735411283987639	-0.394771241830065	0.0214494957829728	5
ATM	7.97787458550832e-06	-0.396732026143791	6.98064026231978e-05	5
AMPLIFICATION-3Q22.1-3Q22.3	1.13890673569676e-06	-0.530065359477124	3.77741429801067e-05	5
DELETION_TP53	0.000852664148460395	0.752840909090909	0.00596864903922277	6
TP53	0.000695171441175466	0.675189393939394	0.00596864903922277	6
DELETION_17P13.3	0.00140079647820659	0.526515151515152	0.00817131278953844	6
TET2	0.0245568147184813	-0.0520833333333333	0.0716240429289038	6
NOTCH1	0.0245568147184813	-0.0520833333333333	0.0716240429289038	6
ANK2	0.00747508726218034	-0.0729166666666667	0.0261628054176312	6
CARD11	0.00413626369287672	-0.0833333333333333	0.0180961536563356	6
KMT2C	0.00413626369287672	-0.0833333333333333	0.0180961536563356	6
AMPLIFICATION_13Q31.3	0.0069722022198401	-0.114583333333333	0.0261628054176312	6
HLA-C	0.000381715664936671	-0.125	0.00445334942426116	6
DELETION_9P21.1	3.30988880911299e-05	-0.166666666666667	0.000579230541594773	6
DELETION_9P21.3	1.77195713267617e-05	-0.177083333333333	0.000579230541594773	6
DELETION_11Q22.3	0.0308129558988783	-0.318181818181818	0.0829579581892877	6
