Hybridization REF	p	difference	q	subclass
AMPLIFICATION-3Q22.1-3Q22.3	0.000119571472246618	0.82967032967033	0.00104625038215791	1
AMPLIFICATION-8Q23.2-8Q24.21	0.00224728739364743	0.565934065934066	0.00963230540970126	1
DELETION_8P23.3	0.0188824199618352	0.269230769230769	0.0485283510560562	1
DELETION_15Q26.2	0.0194113404224225	0.247252747252747	0.0485283510560562	1
SAMHD1	0.0245117352059073	-0.0549450549450549	0.0536194207629222	1
BIRC3	0.0245117352059073	-0.0549450549450549	0.0536194207629222	1
RAD50	0.0134805483949578	-0.0659340659340659	0.0393182661519602	1
DAZAP1	0.00743728092880808	-0.0769230769230769	0.0236640756825712	1
ARID1A	0.00226523724737774	-0.0989010989010989	0.00963230540970126	1
TP53	3.17751085287216e-05	-0.175824175824176	0.000370709599501752	1
DELETION_9P21.1	3.17751085287216e-05	-0.175824175824176	0.000370709599501752	1
DELETION_17P11.2	0.0381027812290377	-0.186813186813187	0.0784469025303717	1
DELETION_9P21.3	4.6825940468488e-06	-0.208791208791209	0.000163890791639708	1
DELETION_13Q12.11	0.00247687853392318	-0.258241758241758	0.00963230540970126	1
DELETION_19P13.3	0.00114566719189496	-0.28021978021978	0.00668305861938727	1
WIDE_PEAK_1P21.2-22.1	0.00607937976568776	-0.285714285714286	0.0212778291799072	1
AMPLIFICATION_17Q24.3	0.00042675528821977	-0.32967032967033	0.00298728701753839	1
DELETION_11Q22.3	1.73362788828656e-06	0.444761904761905	6.06769760900296e-05	2
DELETION_17P13.3	0.000466848748811538	0.334285714285714	0.00326794124168077	2
DELETION_19P13.3	0.000466848748811538	0.334285714285714	0.00326794124168077	2
DELETION_6Q25.3	0.000459758813727536	0.311428571428571	0.00326794124168077	2
DELETION_6Q21	0.000666279689418768	0.308571428571429	0.00333139844709384	2
AMPLIFICATION_14Q32.33	0.021224894309971	0.286666666666667	0.0755005004229257	2
ATM	0.0161134434913771	0.232380952380952	0.0704963152747748	2
BORCS8-MEF2B	0.0258858858592888	0.12952380952381	0.0755005004229257	2
KIAA1671	0.0258858858592888	0.12952380952381	0.0755005004229257	2
BIRC3	0.0234547855638283	0.119047619047619	0.0755005004229257	2
DELETION_15Q26.2	0.0387571237907156	-0.128571428571429	0.104346102513465	2
UBR5	0.0001835089208443	-0.173333333333333	0.00321140611477525	2
DELETION_8P23.3	0.000615151945216649	-0.267619047619048	0.00333139844709384	2
DELETION_TP53	0.00852786264841109	0.634615384615385	0.0341541211819833	3
TP53	0.00238731060217737	0.538461538461539	0.0278519570254026	3
DELETION_9P21.1	0.00878248830393855	0.451923076923077	0.0341541211819833	3
DELETION_9P21.3	0.0129477105779196	0.423076923076923	0.0411972609297442	3
DELETION_17P13.3	0.011697980736496	0.403846153846154	0.040942932577736	3
SAMHD1	0.0246196323809671	-0.0480769230769231	0.0662836256410653	3
BIRC3	0.0246196323809671	-0.0480769230769231	0.0662836256410653	3
BORCS8-MEF2B	0.00752790185738387	-0.0673076923076923	0.0341541211819833	3
DAZAP1	0.00752790185738387	-0.0673076923076923	0.0341541211819833	3
KIAA1671	0.00752790185738387	-0.0673076923076923	0.0341541211819833	3
KMT2C	0.00417810482043277	-0.0769230769230769	0.0341541211819833	3
ARID1A	0.00231905118035562	-0.0865384615384615	0.0278519570254026	3
DELETION_1P13.1	5.42728005849065e-06	-0.182692307692308	0.000189954802047173	3
UBR5	0.0138209222909359	0.328282828282828	0.0284548400107504	4
DELETION_1P13.1	0.0414909167733622	0.267676767676768	0.0726091043533839	4
DAZAP1	0.0306072283386849	0.257575757575758	0.0563817364133669	4
BIRC3	0.0245816018934416	-0.0505050505050505	0.0477975592372476	4
RAD50	0.0135489930074483	-0.0606060606060606	0.0284548400107504	4
PCLO	0.0135489930074483	-0.0606060606060606	0.0284548400107504	4
BORCS8-MEF2B	0.00749590896869122	-0.0707070707070707	0.0187397724217281	4
KIAA1671	0.00749590896869122	-0.0707070707070707	0.0187397724217281	4
KMT2C	0.00415274937977521	-0.0808080808080808	0.0145346228292132	4
ARID1A	0.00230000610191914	-0.0909090909090909	0.0100625266958962	4
CCND1	6.26476663488807e-05	-0.151515151515152	0.000365444720368471	4
TP53	3.38435296202223e-05	-0.161616161616162	0.000236904707341556	4
DELETION_6Q21	0.00571500358754184	-0.207070707070707	0.0181841023239968	4
DELETION_TP53	9.71159111371061e-06	-0.242424242424242	8.49764222449678e-05	4
DELETION_6Q25.3	1.95949820115746e-07	-0.242424242424242	3.42912185202555e-06	4
DELETION_17P13.3	0.00659351116321694	-0.262626262626263	0.0187397724217281	4
DELETION_17P11.2	0.000282975405753764	-0.287878787878788	0.00141487702876882	4
DELETION_11Q22.3	0.00280276467718168	-0.338383838383838	0.0108996404112621	4
AMPLIFICATION-8Q23.2-8Q24.21	6.36363413858339e-07	-0.343434343434343	7.42423982834729e-06	4
AMPLIFICATION-3Q22.1-3Q22.3	4.59173919476733e-10	-0.555555555555556	1.60710871816857e-08	4
AMPLIFICATION_17Q24.3	0.00105057395271565	0.787878787878788	0.00919252208626194	5
DELETION_17P11.2	0.00175650961327115	0.434343434343434	0.012295567292898	5
KMT2C	0.0373134330976491	0.247474747474747	0.100459242955209	5
BIRC3	0.0245816018934416	-0.0505050505050505	0.0782141878427687	5
TET2	0.0135489930074483	-0.0606060606060606	0.0526905283622989	5
BORCS8-MEF2B	0.00749590896869122	-0.0707070707070707	0.0327946017380241	5
KIAA1671	0.00749590896869122	-0.0707070707070707	0.0327946017380241	5
DELETION_6Q25.3	1.95949820115746e-07	-0.242424242424242	3.42912185202555e-06	5
DELETION_19P13.3	0.00659351116321694	-0.262626262626263	0.0327946017380241	5
DELETION_11Q22.3	0.0228023009517562	-0.272727272727273	0.0782141878427687	5
AMPLIFICATION-3Q22.1-3Q22.3	0.0282479922375183	-0.292929292929293	0.0823899773594284	5
AMPLIFICATION-8Q23.2-8Q24.21	6.36363413858339e-07	-0.343434343434343	7.42423982834729e-06	5
DELETION_17P13.3	2.7819165003947e-12	-0.393939393939394	9.73670775138145e-11	5
