Hybridization REF	p	difference	q	subclass
Composite Element REF	p	difference	q	subclass
AMPLIFICATION-3Q22.1-3Q22.3	4.25385231603042e-08	1.37354651162791	7.44424155305323e-07	1
AMPLIFICATION-3Q23-3Q29	1.13605133122257e-08	1.19476744186047	3.976179659279e-07	1
NSD2	0.0448376608172536	-0.0465116279069767	0.0980823830377422	1
NOTCH1	0.0244612065693308	-0.0581395348837209	0.061153016423327	1
BORCS8-MEF2B	0.0244612065693308	-0.0581395348837209	0.061153016423327	1
KIAA1671	0.0134311118508096	-0.0697674418604651	0.0428115280392714	1
BIRC3	0.0134311118508096	-0.0697674418604651	0.0428115280392714	1
DAZAP1	0.0073949986574282	-0.0813953488372093	0.0323531191262484	1
ARID1A	0.0073949986574282	-0.0813953488372093	0.0323531191262484	1
SP140	0.00224026863515483	-0.104651162790698	0.0130682337050698	1
UBR5	0.000365653786578891	-0.13953488372093	0.0031994706325653	1
DELETION_6Q25.3	0.0351954552472564	-0.170058139534884	0.082122728910265	1
AMPLIFICATION_7P22.3	0.000258696505949968	-0.197674418604651	0.00301812590274963	1
DELETION_6Q21	0.0134550516694853	-0.204941860465116	0.0428115280392714	1
ATM	0.0229127464081573	-0.277616279069767	0.061153016423327	1
AMPLIFICATION_17Q24.3	0.000750695412613531	-0.344476744186047	0.00525486788829472	1
AMPLIFICATION-8Q23.2-8Q24.21	0.0012195754857475	1.12903225806452	0.00731264855573881	2
DELETION_11Q22.3	0.0346690602834166	0.379928315412186	0.0866726507085415	2
NSD2	0.0448900248789073	-0.043010752688172	0.104743391384117	2
TET2	0.0134987938225596	-0.0645161290322581	0.0363429064453528	2
BIRC3	0.0134987938225596	-0.0645161290322581	0.0363429064453528	2
S1PR1	0.0134987938225596	-0.0645161290322581	0.0363429064453528	2
DAZAP1	0.00745289950203391	-0.0752688172043011	0.0260851482571187	2
ARID1A	0.00745289950203391	-0.0752688172043011	0.0260851482571187	2
DELETION_12P13.2	0.00411871055112391	-0.0860215053763441	0.0180193586611671	2
SP140	0.00227448297853159	-0.0967741935483871	0.011372414892658	2
SMARCA4	0.00125359689526951	-0.10752688172043	0.00731264855573881	2
HLA-C	0.00125359689526951	-0.10752688172043	0.00731264855573881	2
TP53	0.000205669301156616	-0.139784946236559	0.00239947518016052	2
DELETION_1P13.1	4.80525276498786e-06	-0.204301075268817	8.40919233872876e-05	2
AMPLIFICATION_17Q24.3	3.10019954561011e-07	-0.387096774193548	1.08506984096354e-05	2
ATM	1.86599447481869e-07	0.563636363636364	6.53098066186542e-06	3
DELETION_1P13.1	0.00174446738656464	0.4	0.0087223369328232	3
WIDE_PEAK_1P21.2-22.1	0.00321151787767127	0.352272727272727	0.0124892361909438	3
ANK2	0.044785067237582	-0.05	0.0979673345822106	3
NOTCH1	0.0243918804410162	-0.0625	0.06098651947467	3
KIAA1671	0.0133633708522555	-0.075	0.0389998025854541	3
S1PR1	0.0133633708522555	-0.075	0.0389998025854541	3
HLA-C	0.00120466904642103	-0.125	0.00702723610412267	3
UBR5	0.000354282307444782	-0.15	0.00309997019014184	3
DELETION_9P21.1	2.84421288620361e-05	-0.2	0.000497737255085632	3
DELETION_6Q25.3	0.00302225537598438	-0.204545454545455	0.0124892361909438	3
DELETION_6Q21	0.000676651645935534	-0.242045454545455	0.00473656152154874	3
AMPLIFICATION-8Q23.2-8Q24.21	0.024394607789868	-0.271590909090909	0.06098651947467	3
AMPLIFICATION_17Q24.3	0.0133713608864414	-0.276136363636364	0.0389998025854541	3
AMPLIFICATION-3Q22.1-3Q22.3	0.0316536211917273	-0.327272727272727	0.0738584494473637	3
AMPLIFICATION-3Q23-3Q29	0.0001850540543661	-0.497727272727273	0.0021589639676045	3
DELETION_9P21.1	1.50890121482035e-51	0.914893617021277	5.28115425187123e-50	4
DELETION_9P21.3	4.89742357146297e-47	0.893617021276596	8.5704912500602e-46	4
AMPLIFICATION_7P22.3	0.0393723120085367	0.632978723404255	0.138892231420706	4
ANK2	0.0448968380204641	-0.0425531914893617	0.142853575519658	4
BORCS8-MEF2B	0.0245393791782414	-0.0531914893617021	0.107359783904806	4
KIAA1671	0.0135076174821642	-0.0638297872340425	0.067538087410821	4
BIRC3	0.0135076174821642	-0.0638297872340425	0.067538087410821	4
ARID1A	0.00746045540801096	-0.074468085106383	0.0522231878560767	4
SP140	0.00227896021777755	-0.0957446808510638	0.0199409019055536	4
HLA-C	0.00125681880986717	-0.106382978723404	0.014662886115117	4
ATM	0.0396834946916303	-0.321808510638298	0.138892231420706	4
UBR5	0.0186178443894092	0.394122731201383	0.0407265346018326	5
NOTCH1	0.0244922310105497	-0.0561797752808989	0.0456918182548544	5
BORCS8-MEF2B	0.0244922310105497	-0.0561797752808989	0.0456918182548544	5
KIAA1671	0.0134614594265573	-0.0674157303370786	0.0314100719953004	5
TET2	0.0134614594265573	-0.0674157303370786	0.0314100719953004	5
BIRC3	0.0134614594265573	-0.0674157303370786	0.0314100719953004	5
ARID1A	0.00742094808053871	-0.0786516853932584	0.0216444319015712	5
DELETION_12P13.2	0.00409345889920482	-0.0898876404494382	0.0143271061472169	5
TP53	0.000201421176591235	-0.146067415730337	0.000881217647586653	5
DELETION_9P21.1	3.1214406679473e-05	-0.179775280898876	0.000182084038963592	5
DELETION_9P21.3	8.71766271795833e-06	-0.202247191011236	7.62795487821354e-05	5
AMPLIFICATION_15Q21.2	0.0248041299097781	-0.226447709593777	0.0456918182548544	5
DELETION_TP53	1.09907434445959e-05	-0.235955056179775	7.69352041121713e-05	5
DELETION_6Q25.3	1.21572998684018e-06	-0.235955056179775	2.12752747697032e-05	5
AMPLIFICATION_17Q24.3	0.00481311566516513	-0.316335350043215	0.0153144589346163	5
AMPLIFICATION-8Q23.2-8Q24.21	3.05141029603571e-06	-0.348314606741573	3.55997867870833e-05	5
WIDE_PEAK_1P21.2-22.1	0.000105988337387053	-0.428694900605013	0.000529941686935265	5
AMPLIFICATION-3Q23-3Q29	0.000345253475398247	-0.531547104580812	0.00134265240432652	5
AMPLIFICATION-3Q22.1-3Q22.3	1.72083358154482e-10	-0.606741573033708	6.02291753540687e-09	5
DELETION_TP53	0.000179268697975017	0.880434782608696	0.00209146814304186	6
TP53	0.00238607093987289	0.634782608695652	0.0139187471492585	6
NSD2	0.0448830562873425	-0.0434782608695652	0.112207640718356	6
ANK2	0.0448830562873425	-0.0434782608695652	0.112207640718356	6
NOTCH1	0.0245211575744128	-0.0543478260869565	0.0715200429253707	6
BORCS8-MEF2B	0.0245211575744128	-0.0543478260869565	0.0715200429253707	6
S1PR1	0.0134897730195326	-0.0652173913043478	0.0472142055683641	6
DAZAP1	0.0074451765414153	-0.0760869565217391	0.0289534643277262	6
DELETION_12P13.2	0.00411260420393774	-0.0869565217391304	0.0179926433922276	6
CARD11	0.00411260420393774	-0.0869565217391304	0.0179926433922276	6
SMARCA4	0.00125030728638301	-0.108695652173913	0.00875215100468107	6
UBR5	0.000375673678897538	-0.130434782608696	0.00328714469035346	6
DELETION_9P21.1	3.20485751571919e-05	-0.173913043478261	0.000560850065250858	6
DELETION_9P21.3	9.03055354529274e-06	-0.195652173913043	0.000316069374085246	6
AMPLIFICATION_17Q24.3	6.19725663674453e-05	1.27052722558341	0.000723013274286862	7
AMPLIFICATION_15Q21.2	2.10433497483179e-05	1.00777873811582	0.000368258620595563	7
NSD2	0.0448611627818507	-0.0449438202247191	0.104676046490985	7
ANK2	0.0448611627818507	-0.0449438202247191	0.104676046490985	7
NOTCH1	0.0244922310105497	-0.0561797752808989	0.07143567378077	7
BORCS8-MEF2B	0.0244922310105497	-0.0561797752808989	0.07143567378077	7
KIAA1671	0.0134614594265573	-0.0674157303370786	0.0523501199921673	7
TET2	0.0134614594265573	-0.0674157303370786	0.0523501199921673	7
DELETION_12P13.2	0.00409345889920482	-0.0898876404494382	0.0204672944960241	7
CARD11	0.00409345889920482	-0.0898876404494382	0.0204672944960241	7
TP53	0.000201421176591235	-0.146067415730337	0.00176243529517331	7
AMPLIFICATION_7P22.3	0.000262793085060495	-0.191011235955056	0.00183955159542346	7
DELETION_1P13.1	4.55679542153989e-06	-0.213483146067416	0.000159487839753896	7
DELETION_8P23.3	0.0206962444930486	-0.226447709593777	0.07143567378077	7
AMPLIFICATION-3Q23-3Q29	0.0322730774148792	-0.355229040622299	0.0868890545785209	7
DELETION_6Q25.3	0.000170819139597997	0.686313686313686	0.00176086637482838	8
DELETION_6Q21	0.000251552339261197	0.653346653346653	0.00176086637482838	8
NSD2	0.0448759268694598	-0.043956043956044	0.112189817173649	8
ANK2	0.0448759268694598	-0.043956043956044	0.112189817173649	8
TET2	0.0134805483949578	-0.0659340659340659	0.0393182661519602	8
BIRC3	0.0134805483949578	-0.0659340659340659	0.0393182661519602	8
S1PR1	0.0134805483949578	-0.0659340659340659	0.0393182661519602	8
DAZAP1	0.00743728092880808	-0.0769230769230769	0.028922759167587	8
ARID1A	0.00743728092880808	-0.0769230769230769	0.028922759167587	8
SP140	0.00226523724737774	-0.0989010989010989	0.0113261862368887	8
SMARCA4	0.00124694783793621	-0.10989010989011	0.00727386238796122	8
TP53	0.000203586295998791	-0.142857142857143	0.00176086637482838	8
AMPLIFICATION-8Q23.2-8Q24.21	3.14268868821818e-06	-0.340659340659341	5.49970520438182e-05	8
AMPLIFICATION-3Q22.1-3Q22.3	1.93411917938307e-10	-0.593406593406593	6.76941712784075e-09	8
