Hybridization REF	p	difference	q	subclass
AMPLIFICATION-8Q23.2-8Q24.21	2.5671183307128e-05	1.41725768321513	0.00044924570787474	1
SAMHD1	0.0245393791782414	-0.0531914893617021	0.0536798919524031	1
DELETION_12P13.2	0.0135076174821642	-0.0638297872340425	0.0315177741250498	1
BIRC3	0.0135076174821642	-0.0638297872340425	0.0315177741250498	1
S1PR1	0.00746045540801096	-0.074468085106383	0.0200858414831064	1
RAD50	0.00746045540801096	-0.074468085106383	0.0200858414831064	1
DAZAP1	0.00412468652685428	-0.0851063829787234	0.0131240025854454	1
SPEN	0.00227896021777755	-0.0957446808510638	0.00997045095277678	1
AMPLIFICATION_18Q21.33	0.00338506135746584	-0.106382978723404	0.0118477147511304	1
ARID1A	0.000378753563407494	-0.127659574468085	0.00189376781703747	1
TP53	0.000112250499317513	-0.148936170212766	0.000654794579352159	1
SMARCA4	0.000112250499317513	-0.148936170212766	0.000654794579352159	1
SP140	6.06471377400598e-05	-0.159574468085106	0.000654794579352159	1
DELETION_TP53	8.56707219260298e-05	-0.202127659574468	0.000654794579352159	1
DELETION_1Q21.1-1Q21.3	4.42166111186056e-08	-0.276595744680851	1.5475813891512e-06	1
WIDE_PEAK_1P21.2-22.1	0.00315582372737537	-0.452718676122931	0.0118477147511304	1
SMARCA4	0.0122708817744932	0.387121212121212	0.047080530456282	2
AMPLIFICATION_7P22.3	0.0385081731080293	0.385606060606061	0.112315504898419	2
SAMHD1	0.049155017902436	0.25530303030303	0.132340432814251	2
KIAA1671	0.0134515801303663	-0.0681818181818182	0.047080530456282	2
DELETION_12P13.2	0.0134515801303663	-0.0681818181818182	0.047080530456282	2
BIRC3	0.0134515801303663	-0.0681818181818182	0.047080530456282	2
BORCS8-MEF2B	0.00741249832827051	-0.0795454545454545	0.043239573581578	2
RAD50	0.00741249832827051	-0.0795454545454545	0.043239573581578	2
AMPLIFICATION_18Q21.33	0.00335047004105311	-0.113636363636364	0.0390888171456196	2
DELETION_6Q21	0.0235346173653918	-0.19469696969697	0.0748828734353375	2
DELETION_TP53	8.22672689574055e-05	-0.215909090909091	0.00287935441350919	2
AMPLIFICATION_14Q32.33	0.00667157079826466	-0.262878787878788	0.043239573581578	2
DELETION_19P13.3	0.000289221093417008	-0.342424242424242	0.00506136913479764	2
DELETION_11Q22.3	8.16246351749062e-09	0.572307692307692	2.85686223112172e-07	3
ATM	0.000235028338945608	0.425128205128205	0.00137099864384938	3
AMPLIFICATION_14Q32.33	0.00678926133135617	0.407692307692308	0.0318782761846802	3
DELETION_19P13.3	0.0253961934674562	0.265128205128205	0.0740722309467472	3
DELETION_12P13.2	0.0323823349771563	0.187179487179487	0.0769319386026977	3
BIRC3	0.0323823349771563	0.187179487179487	0.0769319386026977	3
SAMHD1	0.0243662983753623	-0.0641025641025641	0.0740722309467472	3
RAD50	0.00731584806738057	-0.0897435897435897	0.0318782761846802	3
TP53	0.0329708308297276	-0.126666666666667	0.0769319386026977	3
AMPLIFICATION_7P22.3	0.0452301582994628	-0.163589743589744	0.0989409712800749	3
DELETION_9P21.3	0.00819727101891777	-0.165128205128205	0.0318782761846802	3
DELETION_9P21.1	0.000100057375002981	-0.179487179487179	0.000700401625020867	3
SMARCA4	0.000100057375002981	-0.179487179487179	0.000700401625020867	3
UBR5	0.000100057375002981	-0.179487179487179	0.000700401625020867	3
DELETION_8P23.3	0.00931952131539623	-0.202051282051282	0.0326183246038868	3
DELETION_TP53	7.56703716085126e-05	-0.243589743589744	0.000700401625020867	3
AMPLIFICATION-3Q22.1-3Q22.3	0.00843362931336691	0.943421052631579	0.0368971282459802	4
DELETION_9P21.1	3.53331840175504e-58	0.936842105263158	1.23666144061426e-56	4
DELETION_9P21.3	6.78812780939708e-50	0.905263157894737	1.18792236664449e-48	4
SAMHD1	0.0245481919940873	-0.0526315789473684	0.0781078836175505	4
KIAA1671	0.0135162503880225	-0.0631578947368421	0.0473068763580788	4
BIRC3	0.0135162503880225	-0.0631578947368421	0.0473068763580788	4
DAZAP1	0.00413053625635386	-0.0842105263157895	0.0206526812817693	4
CARD11	0.00413053625635386	-0.0842105263157895	0.0206526812817693	4
SPEN	0.00228334439764044	-0.0947368421052632	0.0159834107834831	4
ARID1A	0.000380248916132513	-0.126315789473684	0.00332717801615949	4
SP140	6.106091285497e-05	-0.157894736842105	0.000712377316641317	4
UBR5	0.0230131932922072	0.530263157894737	0.0503413603267032	5
KMT2D	0.0418602681505359	0.456578947368421	0.0861829050158092	5
KIAA1671	0.0135162503880225	-0.0631578947368421	0.0315379175720525	5
DELETION_12P13.2	0.0135162503880225	-0.0631578947368421	0.0315379175720525	5
BIRC3	0.0135162503880225	-0.0631578947368421	0.0315379175720525	5
S1PR1	0.00746784961751791	-0.0736842105263158	0.0217812280510939	5
BORCS8-MEF2B	0.00746784961751791	-0.0736842105263158	0.0217812280510939	5
DAZAP1	0.00413053625635386	-0.0842105263157895	0.0144568768972385	5
CARD11	0.00413053625635386	-0.0842105263157895	0.0144568768972385	5
SPEN	0.00228334439764044	-0.0947368421052632	0.00998963173967693	5
ARID1A	0.000380248916132513	-0.126315789473684	0.00190124458066256	5
TP53	0.000112897317690861	-0.147368421052632	0.000658567686530022	5
DELETION_9P21.1	0.000112897317690861	-0.147368421052632	0.000658567686530022	5
SMARCA4	0.000112897317690861	-0.147368421052632	0.000658567686530022	5
DELETION_TP53	8.62032298776584e-05	-0.2	0.000658567686530022	5
AMPLIFICATION_7P22.3	2.66746753921533e-05	-0.221052631578947	0.000466806819362683	5
AMPLIFICATION-3Q22.1-3Q22.3	4.95429476610378e-10	-0.547368421052632	1.73400316813632e-08	5
DELETION_TP53	1.63212834002315e-05	1.23548387096774	0.000301618166007221	6
TP53	0.0118502712881235	0.513978494623656	0.0377054086440293	6
SAMHD1	0.0245303699180331	-0.0537634408602151	0.0660433036254737	6
DELETION_12P13.2	0.0134987938225596	-0.0645161290322581	0.0393714819824655	6
S1PR1	0.00745289950203391	-0.0752688172043011	0.0260851482571187	6
BORCS8-MEF2B	0.00745289950203391	-0.0752688172043011	0.0260851482571187	6
DAZAP1	0.00411871055112391	-0.0860215053763441	0.0180193586611671	6
CARD11	0.00411871055112391	-0.0860215053763441	0.0180193586611671	6
AMPLIFICATION_18Q21.33	0.0033796055586481	-0.10752688172043	0.0180193586611671	6
DELETION_9P21.1	0.000111591898082307	-0.150537634408602	0.000781143286576149	6
SMARCA4	0.000111591898082307	-0.150537634408602	0.000781143286576149	6
UBR5	0.000111591898082307	-0.150537634408602	0.000781143286576149	6
DELETION_9P21.3	1.72353237718412e-05	-0.182795698924731	0.000301618166007221	6
SP140	0.00338409108892049	0.492776886035313	0.0148053985140271	7
DAZAP1	0.0112353800714407	0.406099518459069	0.0362423907638081	7
AMPLIFICATION_18Q21.33	0.0455902625688315	0.383627608346709	0.0886477327727279	7
CARD11	0.0308809432589477	0.323434991974318	0.0675520633789481	7
SAMHD1	0.0244922310105497	-0.0561797752808989	0.057148539024616	7
KIAA1671	0.0134614594265573	-0.0674157303370786	0.0362423907638081	7
DELETION_12P13.2	0.0134614594265573	-0.0674157303370786	0.0362423907638081	7
BIRC3	0.0134614594265573	-0.0674157303370786	0.0362423907638081	7
BORCS8-MEF2B	0.00742094808053871	-0.0786516853932584	0.0288592425354283	7
SPEN	0.00225558172508453	-0.101123595505618	0.0112779086254227	7
TP53	0.000108833226214243	-0.157303370786517	0.000634860486249751	7
DELETION_9P21.1	0.000108833226214243	-0.157303370786517	0.000634860486249751	7
DELETION_1Q21.1-1Q21.3	0.0218829624007805	-0.209470304975923	0.0547074060019513	7
DELETION_TP53	8.28606332211597e-05	-0.213483146067416	0.000634860486249751	7
DELETION_11Q22.3	0.0454429849871323	-0.268860353130016	0.0886477327727279	7
DELETION_8P23.3	1.56984455304769e-07	-0.269662921348315	2.74722796783346e-06	7
AMPLIFICATION-8Q23.2-8Q24.21	1.70524801050201e-05	-0.303370786516854	0.000198945601225234	7
DELETION_13Q12.11	4.24598178770114e-09	-0.325842696629214	1.4860936256954e-07	7
AMPLIFICATION-3Q22.1-3Q22.3	0.000114276376572534	1.4106529209622	0.000285690941431335	8
SAMHD1	0.0245652534334403	-0.0515463917525773	0.0343913548068164	8
KIAA1671	0.0135329681463847	-0.0618556701030928	0.019735578546811	8
DELETION_12P13.2	0.0135329681463847	-0.0618556701030928	0.019735578546811	8
BIRC3	0.0135329681463847	-0.0618556701030928	0.019735578546811	8
S1PR1	0.0074821732589165	-0.0721649484536082	0.0124702887648608	8
BORCS8-MEF2B	0.0074821732589165	-0.0721649484536082	0.0124702887648608	8
RAD50	0.0074821732589165	-0.0721649484536082	0.0124702887648608	8
DAZAP1	0.00414187262656124	-0.0824742268041237	0.00805364121831352	8
CARD11	0.00414187262656124	-0.0824742268041237	0.00805364121831352	8
SPEN	0.00229184492012354	-0.0927835051546392	0.00534763814695493	8
AMPLIFICATION_18Q21.33	0.00340075481688704	-0.103092783505155	0.0074391511619404	8
DELETION_9P21.1	0.000114156810074896	-0.144329896907216	0.000285690941431335	8
UBR5	0.000114156810074896	-0.144329896907216	0.000285690941431335	8
SP140	6.18676307693972e-05	-0.154639175257732	0.00021653670769289	8
DELETION_9P21.3	1.78761914081316e-05	-0.175257731958763	8.05206503993937e-05	8
DELETION_TP53	8.72406888954515e-05	-0.195876288659794	0.000277584010121891	8
AMPLIFICATION_7P22.3	2.71090819013538e-05	-0.216494845360825	0.000105424207394154	8
KMT2D	1.38408292123382e-06	-0.216494845360825	8.07381704053062e-06	8
DELETION_1Q21.1-1Q21.3	4.7814501444878e-08	-0.268041237113402	4.18376887642682e-07	8
AMPLIFICATION-8Q23.2-8Q24.21	1.840472009129e-05	-0.278350515463918	8.05206503993937e-05	8
DELETION_13Q12.11	5.72006528519795e-09	-0.298969072164948	6.67340949939761e-08	8
AMPLIFICATION_14Q32.33	1.04529756848667e-06	-0.309278350515464	7.31708297940669e-06	8
DELETION_19P13.3	1.25388766857328e-11	-0.381443298969072	2.19430342000324e-10	8
DELETION_11Q22.3	4.62616658963982e-15	-0.474226804123711	1.61915830637394e-13	8
DELETION_6Q21	0.000598121912660844	0.696052631578947	0.00418685338862591	9
SAMHD1	0.0245481919940873	-0.0526315789473684	0.0572791146528704	9
KIAA1671	0.0135162503880225	-0.0631578947368421	0.0363899048908298	9
DELETION_12P13.2	0.0135162503880225	-0.0631578947368421	0.0363899048908298	9
BIRC3	0.0135162503880225	-0.0631578947368421	0.0363899048908298	9
S1PR1	0.00746784961751791	-0.0736842105263158	0.0261374736613127	9
BORCS8-MEF2B	0.00746784961751791	-0.0736842105263158	0.0261374736613127	9
DAZAP1	0.00413053625635386	-0.0842105263157895	0.0180710961215481	9
CARD11	0.00413053625635386	-0.0842105263157895	0.0180710961215481	9
AMPLIFICATION_18Q21.33	0.00339040247644721	-0.105263157894737	0.0180710961215481	9
DELETION_15Q26.2	1.75605852787641e-05	-0.178947368421053	0.000158216915128191	9
AMPLIFICATION-8Q23.2-8Q24.21	1.80819331575075e-05	-0.284210526315789	0.000158216915128191	9
AMPLIFICATION_14Q32.33	1.01285060278283e-06	-0.315789473684211	1.77248855486995e-05	9
AMPLIFICATION-3Q22.1-3Q22.3	0.0149626540767703	-0.411842105263158	0.0374066351919258	9
DELETION_11Q22.3	3.57450101654988e-15	-0.484210526315789	1.25107535579246e-13	9
