Hybridization REF	p	difference	q	subclass
AMPLIFICATION-3Q22.1-3Q22.3	1.01711790924491e-09	1.4107997265892	3.55991268235718e-08	1
AMPLIFICATION-3Q23-3Q29	4.75841827477344e-09	1.08407382091593	8.32723198085352e-08	1
BIRC3	0.0447555148101605	-0.051948051948052	0.120495616796586	1
KIAA1671	0.0133254106238876	-0.0779220779220779	0.0518210413151184	1
DAZAP1	0.0133254106238876	-0.0779220779220779	0.0518210413151184	1
CARD11	0.0133254106238876	-0.0779220779220779	0.0518210413151184	1
AMPLIFICATION_18Q21.33	0.00730477479964101	-0.0909090909090909	0.0511334235974871	1
SP140	0.00400190342812777	-0.103896103896104	0.035016654996118	1
AMPLIFICATION_13Q31.3	0.0315790974640046	-0.103896103896104	0.106665322275848	1
UBR5	0.00034800311699363	-0.155844155844156	0.00406003636492568	1
DELETION_17P11.2	0.0365709676374337	-0.193438140806562	0.106665322275848	1
ATM	0.0364857031550419	-0.244019138755981	0.106665322275848	1
DELETION_11Q22.3	0.012604312741904	-0.270676691729323	0.0518210413151184	1
DELETION_11Q22.3	4.24772262371534e-11	0.682816901408451	1.48670291830037e-09	2
ATM	5.0171402119179e-08	0.586478873239437	8.77999537085633e-07	2
DELETION_13Q14.2	0.00245561225410106	0.356056338028169	0.028648809631179	2
PCLO	0.0446884365881014	-0.0563380281690141	0.130341273381962	2
S1PR1	0.00723164484483975	-0.0985915492957746	0.0351908670257353	2
SPEN	0.00723164484483975	-0.0985915492957746	0.0351908670257353	2
RAD50	0.00394447998106544	-0.112676056338028	0.0345141998343226	2
DELETION_1P13.1	0.00804362674873949	-0.171267605633803	0.0351908670257353	2
DELETION_TP53	0.0164142905799983	-0.20169014084507	0.0524855967635551	2
DELETION_1Q21.1-1Q21.3	0.00704618493190895	-0.215774647887324	0.0351908670257353	2
AMPLIFICATION-3Q22.1-3Q22.3	0.0164954732685459	-0.351549295774648	0.0524855967635551	2
AMPLIFICATION-3Q23-3Q29	0.0102884659569039	-0.384225352112676	0.0400107009435152	2
UBR5	0.00770677695306168	0.439024390243902	0.0299707992619065	3
DAZAP1	0.0224058492920862	0.344947735191638	0.0603234404017705	3
SP140	0.0323058588789213	0.320557491289199	0.0706690662976403	3
BIRC3	0.0448035010594034	-0.0487804878048781	0.0871179187266177	3
PCLO	0.0448035010594034	-0.0487804878048781	0.0871179187266177	3
BORCS8-MEF2B	0.0244161630478562	-0.0609756097560976	0.0610404076196405	3
ANK2	0.0133870868298953	-0.0731707317073171	0.039045669920528	3
KIAA1671	0.0133870868298953	-0.0731707317073171	0.039045669920528	3
AMPLIFICATION_13Q31.3	0.0316384865397039	-0.0975609756097561	0.0706690662976403	3
CCND1	0.000660846873262627	-0.134146341463415	0.00289120507052399	3
TP53	5.50673063461957e-05	-0.182926829268293	0.000321225953686142	3
SMARCA4	2.90958874060294e-05	-0.195121951219512	0.000203671211842206	3
DELETION_TP53	5.28325470700155e-06	-0.268292682926829	4.62284786862636e-05	3
DELETION_17P11.2	6.25955895806746e-08	-0.304878048780488	1.09542281766181e-06	3
ATM	0.0112843456289969	-0.308362369337979	0.039045669920528	3
DELETION_11Q22.3	0.000423982873480495	-0.355400696864111	0.00211991436740248	3
AMPLIFICATION-8Q23.2-8Q24.21	2.57246252729575e-06	-0.390243902439024	3.00120628184504e-05	3
AMPLIFICATION-3Q22.1-3Q22.3	3.58374717725135e-09	-0.585365853658537	1.25431151203797e-07	3
DELETION_TP53	0.000988117178163755	0.65078183172003	0.0115280337452438	4
TP53	0.000129913585412431	0.596425912137007	0.00227348774471754	4
BORCS8-MEF2B	0.0243792582694605	-0.0632911392405063	0.10665925492889	4
ANK2	0.0133510480729957	-0.0759493670886076	0.0778811137591416	4
SAMHD1	0.0133510480729957	-0.0759493670886076	0.0778811137591416	4
DAZAP1	0.0133510480729957	-0.0759493670886076	0.0778811137591416	4
DELETION_1P13.1	2.81065435375547e-05	-0.20253164556962	0.000983729023814415	4
ATM	0.0175554218066044	-0.279225614296351	0.087777109033022	4
DELETION_1P13.1	9.56960598028453e-06	0.818604651162791	0.000167468104654979	5
WIDE_PEAK_1P21.2-22.1	0.000595244106008702	0.493023255813954	0.00293929131320703	5
DELETION_1Q21.1-1Q21.3	0.0378185853962023	0.402325581395349	0.066182524443354	5
BIRC3	0.0448376608172536	-0.0465116279069767	0.0713326422092671	5
PCLO	0.0448376608172536	-0.0465116279069767	0.0713326422092671	5
BORCS8-MEF2B	0.0244612065693308	-0.0581395348837209	0.0475634572181432	5
ANK2	0.0134311118508096	-0.0697674418604651	0.027652289104608	5
KIAA1671	0.0134311118508096	-0.0697674418604651	0.027652289104608	5
DAZAP1	0.0134311118508096	-0.0697674418604651	0.027652289104608	5
CARD11	0.0134311118508096	-0.0697674418604651	0.027652289104608	5
AMPLIFICATION_18Q21.33	0.0073949986574282	-0.0813953488372093	0.019909611769999	5
S1PR1	0.0073949986574282	-0.0813953488372093	0.019909611769999	5
RAD50	0.00407297312327732	-0.0930232558139535	0.0129594599377006	5
SP140	0.00407297312327732	-0.0930232558139535	0.0129594599377006	5
AMPLIFICATION_13Q31.3	0.0316808074716837	-0.0930232558139535	0.0583593821846805	5
CCND1	0.00067183801444732	-0.127906976744186	0.00293929131320703	5
HLA-C	0.000365653786578891	-0.13953488372093	0.0021329804217102	5
UBR5	0.000365653786578891	-0.13953488372093	0.0021329804217102	5
DELETION_9P21.1	0.000106624012934181	-0.162790697674419	0.000932960113174084	5
SMARCA4	3.03373306091083e-05	-0.186046511627907	0.00035393552377293	5
AMPLIFICATION-3Q22.1-3Q22.3	0.0022520912403281	-0.446511627906977	0.00875813260127595	5
DELETION_13Q14.2	3.52882045717215e-13	-0.465116279069767	1.23508716001025e-11	5
SMARCA4	0.00721993904059437	0.711111111111111	0.0325027798121513	6
BIRC3	0.044868630998371	-0.0444444444444444	0.0923765932319403	6
BORCS8-MEF2B	0.0245020955512088	-0.0555555555555556	0.061255238878022	6
ANK2	0.0134711129658071	-0.0666666666666667	0.0362683810617883	6
KIAA1671	0.0134711129658071	-0.0666666666666667	0.0362683810617883	6
SAMHD1	0.0134711129658071	-0.0666666666666667	0.0362683810617883	6
DAZAP1	0.0134711129658071	-0.0666666666666667	0.0362683810617883	6
CARD11	0.0134711129658071	-0.0666666666666667	0.0362683810617883	6
S1PR1	0.00742920681420601	-0.0777777777777778	0.0325027798121513	6
SPEN	0.00742920681420601	-0.0777777777777778	0.0325027798121513	6
RAD50	0.00409998297719149	-0.0888888888888889	0.0286998808403404	6
SP140	0.00409998297719149	-0.0888888888888889	0.0286998808403404	6
AMPLIFICATION_13Q31.3	0.0317192086615835	-0.0888888888888889	0.0740114868770282	6
UBR5	0.000372468945848173	-0.133333333333333	0.00434547103489535	6
DELETION_9P21.1	0.000109542205561977	-0.155555555555556	0.0019169885973346	6
TP53	5.89184996687008e-05	-0.166666666666667	0.0019169885973346	6
AMPLIFICATION-3Q23-3Q29	0.037219770597439	-0.466666666666667	0.0814182481818978	6
