Hybridization REF	p	difference	q	subclass
Composite Element REF	p	difference	q	subclass
AMPLIFICATION-8Q23.2-8Q24.21	9.40715718434155e-06	1.44047619047619	0.000329250501451954	1
AMPLIFICATION-3Q22.1-3Q22.3	0.0236655051749281	0.613945578231292	0.0716727490627397	1
DELETION_8P23.3	0.00228884952980796	0.51530612244898	0.013393138785333	1
DELETION_11Q22.3	0.024119663412843	0.352040816326531	0.0716727490627397	1
PCLO	0.0245735139643679	-0.0510204081632653	0.0716727490627397	1
ARID1A	0.0245735139643679	-0.0510204081632653	0.0716727490627397	1
DAZAP1	0.0135410644697889	-0.0612244897959184	0.0592421570553264	1
SPEN	0.00748911232104172	-0.0714285714285714	0.0374455616052086	1
HLA-C	0.00229596664891422	-0.0918367346938776	0.013393138785333	1
AMPLIFICATION_18Q21.33	0.00229596664891422	-0.0918367346938776	0.013393138785333	1
SP140	0.000210546254908573	-0.13265306122449	0.00245637297393335	1
TP53	0.000114770061874468	-0.142857142857143	0.00200847608280319	1
DELETION_17P11.2	0.0470714919783415	-0.202380952380952	0.117678729945854	1
AMPLIFICATION_15Q21.2	0.0293237841689849	-0.232993197278912	0.0789486496857286	1
DELETION_11Q22.3	3.73521216886678e-07	0.502164502164502	1.30732425910337e-05	2
ATM	9.31968890195289e-06	0.454545454545455	0.000108729703856117	2
AMPLIFICATION_15Q21.2	0.00124714035683713	0.45021645021645	0.00545623906116244	2
AMPLIFICATION_14Q32.33	0.000923857654659001	0.45021645021645	0.004619288273295	2
WIDE_PEAK_1P21.2-22.1	0.0253158813508728	0.233766233766234	0.0681581420985037	2
DELETION_19P13.3	0.0444975642509274	0.207792207792208	0.0979026886472261	2
NOTCH2	0.0447555148101605	-0.051948051948052	0.0979026886472261	2
ARID1A	0.0243529870303198	-0.0649350649350649	0.0681581420985037	2
AMPLIFICATION_13Q31.3	0.0315790974640046	-0.103896103896104	0.0789477436600115	2
TP53	0.00966922046369325	-0.138528138528139	0.0338422716229264	2
DELETION_9P21.3	0.0211558147774941	-0.147186147186147	0.0673139561102085	2
KMT2D	0.00863551691711717	-0.194805194805195	0.033582565788789	2
DELETION_9P21.1	2.74172928468223e-05	-0.207792207792208	0.000189630040630879	2
UBR5	2.74172928468223e-05	-0.207792207792208	0.000189630040630879	2
DELETION_8P23.3	7.99914236333437e-06	-0.329004329004329	0.000108729703856117	2
AMPLIFICATION-3Q22.1-3Q22.3	3.25080069652935e-05	-0.506493506493507	0.000189630040630879	2
DELETION_9P21.1	4.47701924607056e-06	0.794607454401269	6.28762613096371e-05	3
DELETION_9P21.3	5.38939382654032e-06	0.773988897700238	6.28762613096371e-05	3
DELETION_6Q21	0.0298839196614124	0.358445678033307	0.0871614323457862	3
PCLO	0.0245652534334403	-0.0515463917525773	0.0781621700154919	3
KIAA1671	0.0245652534334403	-0.0515463917525773	0.0781621700154919	3
ARID1A	0.0245652534334403	-0.0515463917525773	0.0781621700154919	3
NOTCH1	0.0245652534334403	-0.0515463917525773	0.0781621700154919	3
DAZAP1	0.0135329681463847	-0.0618556701030928	0.0676648407319235	3
SPEN	0.0074821732589165	-0.0721649484536082	0.0436460106770129	3
HLA-C	0.00229184492012354	-0.0927835051546392	0.0160429144408648	3
SP140	0.000209606608782428	-0.134020618556701	0.00183405782684624	3
AMPLIFICATION_14Q32.33	6.03602656435441e-07	-0.329896907216495	2.11260929752404e-05	3
DELETION_1Q21.1-1Q21.3	2.52982395361644e-05	0.71	0.000170420047684572	4
KIAA1671	0.0245895225721711	-0.05	0.0782393900023626	4
NOTCH1	0.0245895225721711	-0.05	0.0782393900023626	4
BORCS8-MEF2B	0.0135567589193151	-0.06	0.0527207291306698	4
DAZAP1	0.0135567589193151	-0.06	0.0527207291306698	4
AMPLIFICATION_13Q31.3	0.0318012640818474	-0.08	0.0927536869053882	4
DELETION_9P21.1	3.40840095369144e-05	-0.16	0.000170420047684572	4
DELETION_6Q21	3.40840095369144e-05	-0.16	0.000170420047684572	4
UBR5	3.40840095369144e-05	-0.16	0.000170420047684572	4
DELETION_9P21.3	9.80361683666374e-06	-0.18	0.000114375529761077	4
AMPLIFICATION_14Q32.33	6.33870834493482e-07	-0.32	1.10927396036359e-05	4
DELETION_19P13.3	1.57298391979833e-10	-0.34	5.50544371929415e-09	4
UBR5	0.000611629548793207	0.443181818181818	0.00267587927597028	5
KMT2D	0.0209773871891832	0.284090909090909	0.0500723706132395	5
SP140	0.0257515048868089	0.25	0.0500723706132395	5
HLA-C	0.0245878212920806	0.238636363636364	0.0500723706132395	5
DAZAP1	0.02874033475723	0.215909090909091	0.0529427219212132	5
NOTCH2	0.0448535160465257	-0.0454545454545455	0.0713578664376545	5
KIAA1671	0.0244821336257593	-0.0568181818181818	0.0500723706132395	5
ARID1A	0.0244821336257593	-0.0568181818181818	0.0500723706132395	5
BORCS8-MEF2B	0.0134515801303663	-0.0681818181818182	0.039233775380235	5
SPEN	0.00741249832827051	-0.0795454545454545	0.0259437441489468	5
AMPLIFICATION_13Q31.3	0.0317004632146089	-0.0909090909090909	0.0554758106255656	5
DELETION_9P21.1	0.0441299314519536	-0.125	0.0713578664376545	5
DELETION_9P21.3	0.0204806903402443	-0.147727272727273	0.0500723706132395	5
TP53	0.000108110784128559	-0.159090909090909	0.000756775488899913	5
CCND1	0.000108110784128559	-0.159090909090909	0.000756775488899913	5
AMPLIFICATION_15Q21.2	0.0491669420027764	-0.193181818181818	0.0748192595694424	5
DELETION_17P11.2	0.00933545401500021	-0.215909090909091	0.0297037173204552	5
ATM	0.00691141510702596	-0.284090909090909	0.0259437441489468	5
DELETION_TP53	5.19495311030967e-06	-0.295454545454545	6.06077862869461e-05	5
DELETION_17P13.3	0.000280734806500721	-0.318181818181818	0.0014036740325036	5
AMPLIFICATION-8Q23.2-8Q24.21	1.61631590180094e-06	-0.375	2.82855282815165e-05	5
DELETION_11Q22.3	0.000185445911029889	-0.375	0.00108176781434102	5
AMPLIFICATION-3Q22.1-3Q22.3	5.37647908823697e-09	-0.613636363636364	1.88176768088294e-07	5
AMPLIFICATION-3Q22.1-3Q22.3	3.56024599221409e-14	1.54931972789116	1.24608609727493e-12	6
NOTCH2	0.0449226355898051	-0.0408163265306122	0.0982682653526987	6
KIAA1671	0.0245735139643679	-0.0510204081632653	0.0661594606732982	6
NOTCH1	0.0245735139643679	-0.0510204081632653	0.0661594606732982	6
DAZAP1	0.0135410644697889	-0.0612244897959184	0.0473937256442612	6
AMPLIFICATION_13Q31.3	0.0317862444043684	-0.0816326530612245	0.0741679036101929	6
HLA-C	0.00229596664891422	-0.0918367346938776	0.00892875919022197	6
AMPLIFICATION_18Q21.33	0.00229596664891422	-0.0918367346938776	0.00892875919022197	6
TP53	0.000114770061874468	-0.142857142857143	0.00057385030937234	6
DELETION_9P21.1	3.35992397487342e-05	-0.163265306122449	0.000195995565200949	6
DELETION_6Q21	3.35992397487342e-05	-0.163265306122449	0.000195995565200949	6
UBR5	3.35992397487342e-05	-0.163265306122449	0.000195995565200949	6
DELETION_9P21.3	9.61829419317671e-06	-0.183673469387755	0.000112213432253728	6
AMPLIFICATION-8Q23.2-8Q24.21	0.0300236341378871	-0.243197278911565	0.0741679036101929	6
DELETION_19P13.3	0.0161899880521656	-0.253401360544218	0.0515135983477996	6
AMPLIFICATION_15Q21.2	6.45867956968693e-08	-0.326530612244898	1.13026892469521e-06	6
DELETION_TP53	0.00297072848207441	0.823529411764706	0.0173292494787674	7
TP53	0.00436433943132659	0.67156862745098	0.0190939850120538	7
DELETION_17P13.3	0.0328485732187732	0.436274509803922	0.0772201218970246	7
PCLO	0.0246048825013099	-0.0490196078431373	0.0662439144266036	7
NOTCH1	0.0246048825013099	-0.0490196078431373	0.0662439144266036	7
BORCS8-MEF2B	0.0135718224692673	-0.0588235294117647	0.0475013786424355	7
DAZAP1	0.0135718224692673	-0.0588235294117647	0.0475013786424355	7
TET2	0.00416826199580388	-0.0784313725490196	0.0190939850120538	7
AMPLIFICATION_18Q21.33	0.00231165467228725	-0.0882352941176471	0.0161815827060107	7
SP140	0.000214139961302822	-0.127450980392157	0.00187372466139969	7
DELETION_9P21.1	3.45538685061084e-05	-0.156862745098039	0.000403128465904598	7
DELETION_9P21.3	9.98394205033749e-06	-0.176470588235294	0.000174718985880906	7
KMT2D	1.06012468124077e-07	-0.245098039215686	3.7104363843427e-06	7
DELETION_11Q22.3	0.0330943379558677	-0.33578431372549	0.0772201218970246	7
WIDE_PEAK_1P21.2-22.1	0.0203584179091844	-0.375	0.0647767842564958	7
