Hybridization REF	p	difference	q	subclass
AMPLIFICATION-3Q22.1-3Q22.3	4.44985606416499e-14	1.36147186147186	7.78724811228873e-13	1
AMPLIFICATION-3Q23-3Q29	3.28250184618396e-15	1.21861471861472	1.14887564616439e-13	1
AMPLIFICATION-8Q23.2-8Q24.21	0.00537610886717914	0.464285714285714	0.031360635058545	1
BIRC3	0.0244392426967647	-0.0595238095238095	0.093265970445032	1
NSD2	0.0244392426967647	-0.0595238095238095	0.093265970445032	1
DAZAP1	0.0244392426967647	-0.0595238095238095	0.093265970445032	1
SAMHD1	0.00405850018151255	-0.0952380952380952	0.0284095012705879	1
DELETION_17P11.2	0.0405265463872709	-0.16991341991342	0.128948102141316	1
WIDE_PEAK_1P21.2-22.1	0.026647420127152	-0.226190476190476	0.093265970445032	1
AMPLIFICATION_17Q24.3	0.000323761828466267	-0.366883116883117	0.00283291599907984	1
AMPLIFICATION_15Q21.2	1.08928679802137e-06	-0.374458874458874	1.2708345976916e-05	1
DELETION_11Q22.3	2.16800590523618e-08	0.54304347826087	3.79401033416331e-07	2
ATM	0.000265378387400317	0.401304347826087	0.00132689193700159	2
AMPLIFICATION_14Q32.33	0.0112161445886425	0.35	0.0327137550502073	2
DELETION_13Q14.2	0.0303018589186026	0.248695652173913	0.0707043374767394	2
PCLO	0.0245211575744128	-0.0543478260869565	0.061302893936032	2
NOTCH1	0.0134897730195326	-0.0652173913043478	0.0363186196679724	2
S1PR1	0.0074451765414153	-0.0760869565217391	0.0255046148890788	2
ARID1A	0.000686639004143181	-0.119565217391304	0.00267026279389015	2
AMPLIFICATION_7P22.3	0.0080157361079962	-0.224347826086957	0.0255046148890788	2
DELETION_TP53	6.08218546825461e-06	-0.239130434782609	4.14843472747394e-05	2
DELETION_9P21.1	3.34577586438152e-07	-0.25	2.92755388133383e-06	2
DELETION_9P21.3	1.68832928282392e-07	-0.260869565217391	1.96971749662791e-06	2
AMPLIFICATION_17Q24.3	0.000654603252818181	-0.387391304347826	0.00267026279389015	2
AMPLIFICATION-3Q23-3Q29	7.11160238995533e-06	-0.586086956521739	4.14843472747394e-05	2
AMPLIFICATION-3Q22.1-3Q22.3	5.87054505162273e-09	-0.659130434782609	2.05469076806796e-07	2
AMPLIFICATION_7P22.3	0.031326282279671	0.309452363090773	0.0564676784784869	3
DELETION_9P21.3	0.00460593757680191	0.291447861965491	0.0268679691980111	3
DELETION_9P21.1	0.0101010727996997	0.259189797449362	0.0353611638862179	3
WIDE_PEAK_1P21.2-22.1	0.0174133651910905	0.247186796699175	0.0435334129777263	3
UBR5	0.0110887021746165	0.23218304576144	0.0353611638862179	3
DELETION_1P13.1	0.0210641116081638	0.226931732933233	0.0491495937523822	3
KMT2D	0.0354801467456192	0.212678169542386	0.0564676784784869	3
SAMHD1	0.0277270652303619	0.170292573143286	0.0539137379479259	3
NOTCH1	0.0354939693293346	0.149662415603901	0.0564676784784869	3
BIRC3	0.0244612065693308	-0.0581395348837209	0.0535088893704111	3
KMT2C	0.00407297312327732	-0.0930232558139535	0.0268679691980111	3
ARID1A	0.00067183801444732	-0.127906976744186	0.0235143305056562	3
SMARCA4	0.0125923283651948	-0.13053263315829	0.0367276243984848	3
DELETION_15Q26.2	0.0353398047234822	-0.133158289572393	0.0564676784784869	3
DELETION_TP53	0.0155301969725587	-0.168042010502626	0.0418120687722734	3
ATM	0.0385918846404975	-0.209677419354839	0.0587267809746701	3
DELETION_13Q14.2	0.0109585009151627	-0.253563390847712	0.0353611638862179	3
DELETION_11Q22.3	0.00793786881080723	-0.265191297824456	0.0353611638862179	3
AMPLIFICATION_15Q21.2	0.00140281870386672	-0.275318829707427	0.0245493273176676	3
AMPLIFICATION-8Q23.2-8Q24.21	0.0111135086499542	-0.27794448612153	0.0353611638862179	3
AMPLIFICATION_14Q32.33	0.00269404073204856	-0.310202550637659	0.0268679691980111	3
AMPLIFICATION-3Q23-3Q29	0.0260669026804812	-0.339084771192798	0.0536671525774613	3
AMPLIFICATION-3Q22.1-3Q22.3	0.0037264170569809	-0.418979744936234	0.0268679691980111	3
DELETION_TP53	0.00289367809685789	1.00573394495413	0.0144683904842894	4
TP53	0.0194594720636143	0.551605504587156	0.0486486801590357	4
DELETION_17P11.2	0.0165049132423705	0.511467889908257	0.0444363048833052	4
NSD2	0.0246540652587233	-0.0458715596330275	0.0507583696503127	4
PCLO	0.0246540652587233	-0.0458715596330275	0.0507583696503127	4
DAZAP1	0.0246540652587233	-0.0458715596330275	0.0507583696503127	4
NOTCH1	0.0136200895069399	-0.055045871559633	0.039725261061908	4
S1PR1	0.00755691691638309	-0.0642201834862385	0.0240447356430371	4
BORCS8-MEF2B	0.00755691691638309	-0.0642201834862385	0.0240447356430371	4
SAMHD1	0.00420112622749603	-0.073394495412844	0.016337713106929	4
KMT2C	0.00420112622749603	-0.073394495412844	0.016337713106929	4
AMPLIFICATION_18Q21.33	0.00109730317228159	-0.110091743119266	0.00640093517164261	4
DELETION_12P13.2	0.000398509384955522	-0.110091743119266	0.00278956569468865	4
UBR5	0.000120869082024721	-0.128440366972477	0.00105760446771631	4
DELETION_1P13.1	8.51733030208859e-07	-0.201834862385321	9.93688535243669e-06	4
DELETION_9P21.1	4.46951517167411e-07	-0.211009174311927	7.82165155042969e-06	4
DELETION_9P21.3	2.33024090260656e-07	-0.220183486238532	7.82165155042969e-06	4
AMPLIFICATION_17Q24.3	4.27060272876073e-05	0.983505154639175	0.000747355477533128	5
AMPLIFICATION_15Q21.2	1.26086487452731e-05	0.785051546391753	0.000441302706084559	5
DELETION_17P11.2	0.00305012880947642	0.393814432989691	0.0242181730604183	5
KMT2C	0.0419877379091345	0.219072164948454	0.103549810508263	5
BIRC3	0.0245652534334403	-0.0515463917525773	0.0781621700154919	5
NSD2	0.0245652534334403	-0.0515463917525773	0.0781621700154919	5
NOTCH1	0.0135329681463847	-0.0618556701030928	0.0526282094581627	5
SPEN	0.0135329681463847	-0.0618556701030928	0.0526282094581627	5
BORCS8-MEF2B	0.0074821732589165	-0.0721649484536082	0.0374108662945825	5
TET2	0.0074821732589165	-0.0721649484536082	0.0374108662945825	5
AMPLIFICATION_7P22.3	0.0418024967024304	-0.188659793814433	0.103549810508263	5
AMPLIFICATION-8Q23.2-8Q24.21	0.0443784902178272	-0.221134020618557	0.103549810508263	5
AMPLIFICATION_14Q32.33	0.0285422753778925	-0.271134020618557	0.0832483031855198	5
AMPLIFICATION-3Q22.1-3Q22.3	0.00238752338986728	-0.420103092783505	0.0242181730604183	5
AMPLIFICATION-3Q23-3Q29	0.00345973900863118	-0.42319587628866	0.0242181730604183	5
