Hybridization REF	p	difference	q	subclass
Composite Element REF	p	difference	q	subclass
AMPLIFICATION-3Q22.1-3Q22.3	5.98203305733615e-09	1.32916666666667	1.04685578503383e-07	1
AMPLIFICATION-3Q23-3Q29	6.15790433240694e-10	1.17916666666667	2.15526651634243e-08	1
BIRC3	0.044785067237582	-0.05	0.130623112776281	1
DAZAP1	0.0243918804410162	-0.0625	0.0776105286759606	1
AMPLIFICATION_18Q21.33	0.0243918804410162	-0.0625	0.0776105286759606	1
NOTCH1	0.0133633708522555	-0.075	0.0519686644254381	1
KIAA1671	0.00733714827278625	-0.0875	0.0321000236934398	1
CARD11	0.00120466904642103	-0.125	0.00843268332494721	1
UBR5	0.000190523343204016	-0.1625	0.00166707925303514	1
DELETION_19P13.3	0.00557067707139302	-0.276388888888889	0.0321000236934398	1
DELETION_11Q22.3	0.00677825985641507	-0.308333333333333	0.0321000236934398	1
AMPLIFICATION_15Q21.2	1.79922879350764e-06	-0.3125	2.09910025909225e-05	1
AMPLIFICATION-8Q23.2-8Q24.21	1.93935587581998e-05	1.33720930232558	0.000678774556536993	2
BIRC3	0.0448376608172536	-0.0465116279069767	0.156931812860388	2
DAZAP1	0.0244612065693308	-0.0581395348837209	0.0951269144362864	2
AMPLIFICATION_18Q21.33	0.0244612065693308	-0.0581395348837209	0.0951269144362864	2
NSD2	0.0244612065693308	-0.0581395348837209	0.0951269144362864	2
BORCS8-MEF2B	0.0073949986574282	-0.0813953488372093	0.0431374921683312	2
CCND1	0.0012290212618337	-0.116279069767442	0.0086031488328359	2
HLA-C	0.0012290212618337	-0.116279069767442	0.0086031488328359	2
DELETION_15Q26.2	0.00067183801444732	-0.127906976744186	0.00783811016855207	2
SMARCA4	0.000365653786578891	-0.13953488372093	0.00639894126513059	2
DELETION_TP53	7.37316012914486e-05	0.754057428214732	0.00129030302260035	3
TP53	0.0010081300629666	0.732833957553059	0.00542504541704479	3
DELETION_17P13.3	8.13017735539907e-24	0.685393258426966	2.84556207438967e-22	3
BIRC3	0.0448611627818507	-0.0449438202247191	0.0923612174920456	3
DAZAP1	0.0244922310105497	-0.0561797752808989	0.057148539024616	3
AMPLIFICATION_18Q21.33	0.0244922310105497	-0.0561797752808989	0.057148539024616	3
NSD2	0.0244922310105497	-0.0561797752808989	0.057148539024616	3
RAD50	0.0134614594265573	-0.0674157303370786	0.0392625899941255	3
NOTCH1	0.0134614594265573	-0.0674157303370786	0.0392625899941255	3
DELETION_12P13.2	0.00742094808053871	-0.0786516853932584	0.0259733182818855	3
BORCS8-MEF2B	0.00742094808053871	-0.0786516853932584	0.0259733182818855	3
CCND1	0.00124001038103881	-0.112359550561798	0.00542504541704479	3
KMT2C	0.00124001038103881	-0.112359550561798	0.00542504541704479	3
HLA-C	0.00124001038103881	-0.112359550561798	0.00542504541704479	3
CARD11	0.00124001038103881	-0.112359550561798	0.00542504541704479	3
SMARCA4	0.000370817399918013	-0.134831460674157	0.00432620299904348	3
AMPLIFICATION-3Q22.1-3Q22.3	0.0351959640337813	-0.395755305867665	0.0769911713238966	3
DELETION_13Q12.11	0.000494989551187321	0.523809523809524	0.00433115857288906	4
UBR5	0.00256518218040621	0.511904761904762	0.012825910902031	4
KMT2D	0.0354930137887904	0.333333333333333	0.0828170321738443	4
BIRC3	0.0448210096244096	-0.0476190476190476	0.098045958553396	4
DAZAP1	0.0244392426967647	-0.0595238095238095	0.0614043339057697	4
KIAA1671	0.00737665029998526	-0.0833333333333333	0.0258182760499484	4
BORCS8-MEF2B	0.00737665029998526	-0.0833333333333333	0.0258182760499484	4
S1PR1	0.0012212755714426	-0.119047619047619	0.00712410750008183	4
KMT2C	0.0012212755714426	-0.119047619047619	0.00712410750008183	4
DELETION_9P21.1	0.000105078762055696	-0.166666666666667	0.00183887833597468	4
DELETION_17P11.2	0.0202382902738776	-0.214285714285714	0.059028346632143	4
AMPLIFICATION-8Q23.2-8Q24.21	0.00611078493551378	-0.297619047619048	0.0258182760499484	4
ATM	0.0108850603915785	-0.30952380952381	0.0346342830641134	4
DELETION_17P13.3	0.000390060515258415	-0.357142857142857	0.00433115857288906	4
DELETION_11Q22.3	8.99961050361035e-05	-0.404761904761905	0.00183887833597468	4
AMPLIFICATION-3Q22.1-3Q22.3	0.0245617335623079	-0.428571428571429	0.0614043339057697	4
ATM	0.000160498638548077	0.473017988007995	0.00196258645462056	5
DELETION_11Q22.3	0.000224295594813778	0.460359760159893	0.00196258645462056	5
BORCS8-MEF2B	0.0358136100085314	0.23784143904064	0.0895340250213285	5
BIRC3	0.0418611055142615	0.210526315789474	0.0976759128666102	5
RAD50	0.0133510480729957	-0.0759493670886076	0.0359451294272961	5
NOTCH1	0.0133510480729957	-0.0759493670886076	0.0359451294272961	5
DELETION_12P13.2	0.00732663558931128	-0.0886075949367089	0.0236268210164613	5
CARD11	0.00120026548440298	-0.126582278481013	0.00525116149426304	5
TP53	0.000651924138365421	-0.139240506329114	0.00325962069182711	5
SP140	0.000651924138365421	-0.139240506329114	0.00325962069182711	5
SMARCA4	0.000352236619149818	-0.151898734177215	0.00246565633404873	5
UBR5	0.000189181063950508	-0.164556962025316	0.00196258645462056	5
KMT2D	0.00742557231945927	-0.200532978014657	0.0236268210164613	5
AMPLIFICATION-8Q23.2-8Q24.21	2.42644875873415e-06	-0.40506329113924	8.49257065556952e-05	5
AMPLIFICATION-3Q23-3Q29	0.00588928986627062	-0.4163890739507	0.0229027939243857	5
AMPLIFICATION_15Q21.2	0.0033282266898145	0.770135746606335	0.0140304867953623	6
DELETION_17P11.2	0.00272050492815149	0.504072398190045	0.0136025246407575	6
KMT2C	0.014165565348673	0.41447963800905	0.0330529858135703	6
BIRC3	0.0448294384119088	-0.0470588235294118	0.0871683524676004	6
DAZAP1	0.0244503589891558	-0.0588235294117647	0.0503389743894384	6
NSD2	0.0244503589891558	-0.0588235294117647	0.0503389743894384	6
RAD50	0.0134205056784044	-0.0705882352941176	0.0330529858135703	6
KIAA1671	0.0073859343732267	-0.0823529411764706	0.0235007002784486	6
BORCS8-MEF2B	0.0073859343732267	-0.0823529411764706	0.0235007002784486	6
S1PR1	0.00122519226734211	-0.117647058823529	0.00714695489282897	6
TP53	0.000669180946737436	-0.129411764705882	0.00585533328395256	6
UBR5	0.000196824906080148	-0.152941176470588	0.00229629057093506	6
DELETION_9P21.1	0.000105858901601196	-0.164705882352941	0.00185253077802093	6
DELETION_9P21.3	5.65778239847908e-05	-0.176470588235294	0.00185253077802093	6
AMPLIFICATION-8Q23.2-8Q24.21	0.0104621577174445	-0.287782805429864	0.0305146266758798	6
DELETION_19P13.3	0.00360783946166459	-0.299547511312217	0.0140304867953623	6
AMPLIFICATION-3Q22.1-3Q22.3	0.0120828136738353	-0.404524886877828	0.0325306521987873	6
AMPLIFICATION-3Q23-3Q29	0.00104220604665799	-0.545701357466063	0.00714695489282897	6
SP140	0.0471502256412321	0.314027149321267	0.137521491453594	7
DAZAP1	0.0467426437669593	0.295927601809955	0.137521491453594	7
BIRC3	0.0448294384119088	-0.0470588235294118	0.137521491453594	7
AMPLIFICATION_18Q21.33	0.0244503589891558	-0.0588235294117647	0.0950847294022726	7
NOTCH1	0.0134205056784044	-0.0705882352941176	0.0587147123430192	7
DELETION_12P13.2	0.0073859343732267	-0.0823529411764706	0.0430846171771557	7
CCND1	0.00122519226734211	-0.117647058823529	0.0107204323392435	7
KMT2C	0.00122519226734211	-0.117647058823529	0.0107204323392435	7
TP53	0.000669180946737436	-0.129411764705882	0.0107204323392435	7
DELETION_15Q26.2	0.000669180946737436	-0.129411764705882	0.0107204323392435	7
AMPLIFICATION-8Q23.2-8Q24.21	0.0104621577174445	-0.287782805429864	0.0523107885872225	7
DELETION_13Q12.11	0.00360783946166459	-0.299547511312217	0.0252548762316521	7
