Hybridization REF	p	difference	q	subclass
Composite Element REF	p	difference	q	subclass
AMPLIFICATION-3Q22.1-3Q22.3	1.40275492488751e-11	1.0952380952381	2.45482111855314e-10	1
AMPLIFICATION-3Q23-3Q29	1.04456562920586e-14	1.0952380952381	3.65597970222051e-13	1
AMPLIFICATION-8Q23.2-8Q24.21	0.000388420211727903	0.523809523809524	0.00453156913682553	1
DELETION_8P23.3	0.000624977217919679	0.321428571428571	0.00546855065679719	1
BIRC3	0.0244392426967647	-0.0595238095238095	0.0855496564176205	1
SAMHD1	0.0244392426967647	-0.0595238095238095	0.0855496564176205	1
SP140	0.00546592450783663	-0.130952380952381	0.031884559629047	1
DELETION_17P11.2	0.024442758976463	-0.178571428571429	0.0855496564176205	1
AMPLIFICATION_15Q21.2	0.0205107315166686	-0.202380952380952	0.0855496564176205	1
WIDE_PEAK_1P21.2-22.1	0.00120073639000918	-0.297619047619048	0.00840515473006426	1
DELETION_11Q22.3	2.76235204273883e-07	0.489583333333333	4.83411607479295e-06	2
AMPLIFICATION_15Q21.2	0.00437997209159047	0.466666666666667	0.011792232554282	2
DELETION_13Q14.2	1.22099788116635e-06	0.458333333333333	1.00802211132818e-05	2
ATM	5.06178740937539e-05	0.420833333333333	0.00025308937046877	2
SAMHD1	0.0245568147184813	-0.0520833333333333	0.0537180321966778	2
NOTCH1	0.0245568147184813	-0.0520833333333333	0.0537180321966778	2
RAD50	0.00747508726218034	-0.0729166666666667	0.0186877181554508	2
ARID1A	0.00413626369287672	-0.0833333333333333	0.011792232554282	2
SPEN	0.00413626369287672	-0.0833333333333333	0.011792232554282	2
CARD11	0.000695535836334982	-0.114583333333333	0.00243437542717244	2
TP53	6.14676879361411e-05	-0.15625	0.000268921134720617	2
DELETION_9P21.3	0.000283065569172058	-0.20625	0.00110081054678023	2
DELETION_9P21.1	7.05547481544995e-07	-0.229166666666667	8.23138728469161e-06	2
DELETION_8P23.3	9.41073753440928e-06	-0.31875	5.48959689507208e-05	2
AMPLIFICATION-3Q23-3Q29	1.44003158761168e-06	-0.579166666666667	1.00802211132818e-05	2
AMPLIFICATION-3Q22.1-3Q22.3	6.1938947202704e-10	-0.641666666666667	2.16786315209464e-08	2
DELETION_TP53	0.0010528234134791	0.729545454545454	0.006503110415704	3
TP53	0.00032018813657349	0.579545454545455	0.00560329239003607	3
SPEN	0.0122258351482153	0.356818181818182	0.0389003845625032	3
SAMHD1	0.0246605646076301	-0.0454545454545455	0.0663938277897733	3
NOTCH1	0.0246605646076301	-0.0454545454545455	0.0663938277897733	3
ANK2	0.00756239881711529	-0.0636363636363636	0.0294093287332261	3
BORCS8-MEF2B	0.00756239881711529	-0.0636363636363636	0.0294093287332261	3
S1PR1	0.0013006220831408	-0.0909090909090909	0.006503110415704	3
KMT2C	0.0013006220831408	-0.0909090909090909	0.006503110415704	3
CARD11	0.000721821766056343	-0.1	0.006315940452993	3
DELETION_12P13.2	0.000721821766056343	-0.1	0.006315940452993	3
UBR5	0.000220619066390573	-0.118181818181818	0.00560329239003607	3
DELETION_11Q22.3	0.0103140343562063	-0.3125	0.0360991202467221	3
KMT2D	0.0262479455748369	0.436206896551724	0.0437465759580615	4
UBR5	0.0297491378721956	0.431034482758621	0.0473281738875839	4
SAMHD1	0.0401892819047502	0.391379310344828	0.0611576028985329	4
BIRC3	0.0246971386236856	-0.0431034482758621	0.0432199925914498	4
ANK2	0.00759327804357717	-0.0603448275862069	0.0147647073069556	4
BORCS8-MEF2B	0.00759327804357716	-0.0603448275862069	0.0147647073069556	4
KIAA1671	0.00759327804357716	-0.0603448275862069	0.0147647073069556	4
ARID1A	0.00423001096604994	-0.0689655172413793	0.00987002558744986	4
SPEN	0.00423001096604994	-0.0689655172413793	0.00987002558744986	4
AMPLIFICATION_13Q31.3	0.019474767686363	-0.0775862068965517	0.0358745720538266	4
S1PR1	0.00131401234955281	-0.0862068965517241	0.00459904322343483	4
KMT2C	0.00131401234955281	-0.0862068965517241	0.00459904322343483	4
CARD11	0.000731230409619092	-0.0948275862068965	0.00319913304208353	4
DELETION_12P13.2	0.000731230409619092	-0.0948275862068965	0.00319913304208353	4
TP53	6.83593217328314e-05	-0.129310344827586	0.00047851525212982	4
SMARCA4	2.04590884905174e-05	-0.146551724137931	0.000179017024292027	4
DELETION_9P21.1	9.23721987380602e-07	-0.189655172413793	1.07767565194404e-05	4
DELETION_TP53	6.72745221534619e-07	-0.258620689655172	1.07767565194404e-05	4
AMPLIFICATION-8Q23.2-8Q24.21	2.43656425735853e-08	-0.370689655172414	8.52797490075485e-07	4
DELETION_11Q22.3	0.00346473075648395	-0.391379310344828	0.00987002558744986	4
DELETION_13Q14.2	0.00220376542251863	-0.417241379310345	0.00701198088983201	4
AMPLIFICATION-3Q22.1-3Q22.3	0.000675856759046548	-0.494827586206897	0.00319913304208353	4
AMPLIFICATION-3Q23-3Q29	0.00394749885736472	-0.51551724137931	0.00987002558744986	4
SP140	0.00779867903180115	0.4375	0.017059610382065	5
KMT2C	0.0135783992064829	0.392857142857143	0.027955527778053	5
BIRC3	0.0246732045662513	-0.0446428571428571	0.0411220076104188	5
SAMHD1	0.0246732045662513	-0.0446428571428571	0.0411220076104188	5
NOTCH1	0.0246732045662513	-0.0446428571428571	0.0411220076104188	5
ANK2	0.00757306475743589	-0.0625	0.017059610382065	5
BORCS8-MEF2B	0.00757306475743589	-0.0625	0.017059610382065	5
KIAA1671	0.00757306475743589	-0.0625	0.017059610382065	5
SPEN	0.00421394907229502	-0.0714285714285714	0.0122906847941938	5
AMPLIFICATION_13Q31.3	0.0194504693676087	-0.0803571428571429	0.0378203571036836	5
TP53	6.71471766826211e-05	-0.133928571428571	0.000261127909321304	5
DELETION_9P21.1	8.8314818211878e-07	-0.196428571428571	5.15169772902622e-06	5
DELETION_9P21.3	2.43711773791535e-07	-0.214285714285714	2.13247802067593e-06	5
KMT2D	1.26814329533199e-07	-0.223214285714286	1.47950051122065e-06	5
DELETION_TP53	6.41573503792091e-07	-0.267857142857143	4.49101452654464e-06	5
DELETION_13Q12.11	0.00309331749509169	-0.276785714285714	0.00984237384801901	5
AMPLIFICATION-8Q23.2-8Q24.21	2.2525562705815e-08	-0.383928571428571	3.94197347351762e-07	5
DELETION_13Q14.2	0.00200999706982154	-0.383928571428571	0.00703498974437539	5
ATM	9.91683620220887e-17	-0.464285714285714	3.4708926707731e-15	5
AMPLIFICATION-3Q22.1-3Q22.3	3.05689089067038e-06	-0.544642857142857	1.52844544533519e-05	5
AMPLIFICATION-3Q23-3Q29	2.68300078205474e-05	-0.598214285714286	0.000117381284214895	5
DELETION_9P21.1	3.93147780582739e-09	0.848214285714286	6.95438074171263e-08	6
DELETION_9P21.3	3.97393185240722e-09	0.830357142857143	6.95438074171263e-08	6
BIRC3	0.0246732045662513	-0.0446428571428571	0.107945269977349	6
ANK2	0.00757306475743589	-0.0625	0.0441762110850427	6
AMPLIFICATION_13Q31.3	0.0194504693676087	-0.0803571428571429	0.0972523468380435	6
KMT2C	0.00130524080157606	-0.0892857142857143	0.00913668561103242	6
HLA-C	0.000222107740992689	-0.116071428571429	0.00194344273368603	6
SMARCA4	1.99711391733971e-05	-0.151785714285714	0.000232996623689633	6
