membership	membership.1	membership.2	membership.3	membership.4	membership.5	membership.6
MCL-28	1	1	1	1	1	1	1
UNMC-59	1	1	1	1	2	2	2
HUMC-8	2	1	2	2	3	3	1
UNMC-81	1	2	3	3	4	4	3
UNMC-18	1	1	1	2	5	5	1
HUMC-7	3	3	4	4	2	6	4
UNMC-16	3	2	3	5	6	3	2
UNMC-7	4	2	5	3	7	7	5
S92-5	4	2	3	5	8	5	6
UNMC-33	3	4	3	5	6	5	2
WCM062	2	4	3	2	6	3	2
GROUP4-9	2	4	2	2	3	3	7
UNMC-68-A2	2	5	3	6	8	5	3
M47-024	1	5	1	1	7	5	3
SPECS-3163	2	5	3	6	8	5	3
UNMC-5	2	4	3	2	6	3	2
S94-7	2	2	3	5	8	5	8
GROUP7-1	2	4	2	2	3	3	7
M47-027	2	4	2	2	3	3	7
SPECS-3155	4	5	3	6	8	5	6
GROUP7-15	1	5	1	1	5	2	3
WCM032	1	5	1	7	4	4	3
HUMC3	2	4	3	2	6	8	1
IA04	2	4	3	5	6	5	2
HUMC-15	3	2	3	5	4	8	8
IA1857	1	4	2	2	5	2	9
GROUP6-2	3	2	3	5	4	4	8
GROUP5-9	4	5	6	6	8	5	6
GROUP4-2	1	4	2	2	5	2	9
UNMC-62	2	2	3	4	2	9	4
SPECS-1917	2	5	6	4	2	5	6
IA2852	2	4	3	2	6	3	2
MCL-38	1	1	5	1	5	2	9
GROUP5-6	2	4	3	2	6	3	2
MCL-138	3	2	3	5	4	8	8
GROUP4-7	3	4	3	5	3	8	2
MCL-98	1	1	1	1	5	2	9
GROUP7-17	2	4	2	2	3	3	7
M47-029	2	4	2	2	3	3	7
M22-51	2	4	2	2	6	3	2
HUMC-6	2	1	3	2	6	3	1
S03-3	1	1	3	2	6	3	1
MCL-14	2	4	3	2	6	3	2
MCL-37	3	4	3	2	6	3	2
MCL-33	3	2	3	5	4	8	8
IA2268	2	4	3	2	3	8	8
GROUP4-1	2	4	2	2	3	7	7
GROUP4-4	2	4	2	2	3	3	7
MCL-40	2	4	2	2	3	3	7
GROUP7-13	1	1	1	7	1	1	10
UNMC-20	1	4	3	2	6	3	2
UNMC-69	3	2	3	5	4	4	8
SPECS-3158	3	2	3	5	4	8	8
IA4227	4	3	4	4	8	5	4
GROUP6-4	1	2	3	5	4	8	8
GROUP6-3	3	2	3	5	4	8	8
UNMC-28	1	1	1	1	5	2	9
SPECS-3157	3	2	3	5	4	4	8
MCL-39	2	4	2	2	6	3	2
MCL-42	4	2	5	3	7	7	5
UNMC-90	2	1	2	2	6	3	1
UNMC-48	3	4	3	5	6	5	2
GROUP7-6	2	4	3	2	6	3	2
GROUP5-4	1	2	1	7	4	4	10
IA68	3	2	3	3	4	4	3
GROUP7-11	1	2	6	7	8	4	10
UNMC-6	1	1	2	2	3	3	7
SC86-6	4	2	2	3	7	7	5
IA4885	4	4	2	2	7	7	5
UNMC-55	3	2	3	3	4	7	5
UNMC-47	3	3	4	4	2	6	4
UNMC-87	3	3	4	4	2	6	4
GROUP7-9	3	3	4	4	2	6	4
GROUP7-20	3	3	4	4	2	6	4
GROUP5-10	3	3	4	4	2	6	4
UNMC-64	1	1	4	4	1	6	4
IA2745	1	1	2	2	5	2	9
HUMC4	3	3	4	4	2	6	4
UNMC-79-C1	4	5	6	6	8	5	6
IA2084	3	3	4	4	2	6	4
IA4203	3	3	4	4	2	6	4
IA1147	3	2	3	5	4	4	8
UNMC-61	3	2	3	5	4	8	8
MCL-128	1	1	1	1	5	2	9
GROUP7-14	1	1	2	2	3	3	5
GROUP4-6	1	2	1	7	4	4	10
GROUP7-2	1	1	1	7	1	1	1
HUMC5	2	4	2	2	3	3	7
MCL-35	2	1	1	2	5	2	9
MCL-75	2	2	3	5	4	8	8
UNMC-24	2	5	2	2	2	7	3
M47-023	4	4	2	2	3	7	5
UNMC-86	2	5	2	4	2	7	7
GROUP5-1	4	5	6	6	8	5	6
GROUP5-5	2	4	2	2	3	3	7
UNMC-8	1	1	1	1	4	4	10
GROUP6-1	1	5	1	1	2	2	9
UNMC-23	1	1	1	1	5	2	9
MCL-71	1	1	1	1	5	2	9
IA4289	2	5	1	1	2	2	3
S08-1	4	4	2	2	7	3	5
UNMC-84	4	4	2	2	7	7	5
SC02-11	1	2	3	5	4	4	10
UNMC-44	1	1	1	1	2	9	9
M47-022	3	2	2	3	4	7	3
BC04	4	2	2	3	7	7	5
HUMC-9	4	5	6	6	8	5	6
GROUP7-22	4	5	6	6	8	5	6
M47-3	1	5	2	1	5	9	9
UNMC-51	4	4	2	6	7	7	5
GROUP4-3	3	3	4	4	2	6	4
WCM045	3	2	3	4	2	6	4
UNMC-31	1	2	1	7	1	1	1
GROUP7-5	3	3	4	4	2	6	4
GROUP4-8	3	3	4	4	2	6	4
UNMC-97	1	1	1	7	1	6	4
HUMC1	3	3	4	4	2	6	4
MCL-61	1	1	1	7	1	1	1
S87-4	4	5	6	4	2	9	6
UNMC-85	2	5	6	6	8	5	6
SC08-2	4	5	6	6	8	5	6
S06-166	4	5	6	6	7	5	6
IA2334	3	3	6	4	4	9	4
MCL-122	2	5	6	4	2	9	4
GROUP5-3	1	1	3	2	6	3	2
GROUP5-7	1	1	1	1	5	2	9
S89-9	4	5	6	6	8	5	6
GROUP4-5	1	1	1	7	1	1	1
M47-025	2	4	2	2	3	3	7
IA834	2	4	2	2	3	3	7
HUMC-12	1	1	3	7	1	1	1
UNMC-88	1	1	1	7	1	1	1
GROUP4-11	4	5	6	7	2	9	4
UNMC-39	1	1	1	7	1	1	1
MCL-25	3	2	1	5	4	4	4
HUMC-10	1	2	1	7	4	4	10
GROUP7-19	1	2	3	5	4	4	8
GROUP5-8	2	4	2	2	7	7	6
SPECS-3164	4	5	6	6	8	9	5
UNMC-71-A5	4	5	6	6	8	5	6
MCL-24	1	1	1	1	5	2	9
UNMC-37	1	1	1	1	5	2	9
IA-02	1	1	2	2	3	4	7
GROUP7-3	1	2	1	7	4	4	10
S03-8	3	3	6	4	4	9	4
GROUP5-2	2	1	3	2	6	3	1
GROUP4-10	3	2	3	5	4	8	8
MCL-45	2	4	2	2	3	3	7
MCL-109	1	1	1	1	5	2	9
SC01-10	4	5	1	1	5	2	6
WCM041	4	5	6	6	8	5	6
MCL-146	3	3	6	4	4	9	4
MCL-126	2	4	3	2	6	3	2
