Hybridization REF	p	difference	q	subclass
AMPLIFICATION-3Q22.1-3Q22.3	1.06054537801388e-07	1.2766217870257	3.71190882304858e-06	1
AMPLIFICATION-8Q23.2-8Q24.21	0.0239241068386592	0.539167686658507	0.0837343739353072	1
DELETION_8P23.3	0.0288856874284956	0.2937576499388	0.0919090054543042	1
NOTCH2	0.0448376608172536	-0.0465116279069767	0.120716779123375	1
BORCS8-MEF2B	0.0448376608172536	-0.0465116279069767	0.120716779123375	1
RAD50	0.0134311118508096	-0.0697674418604651	0.0568156535542322	1
DAZAP1	0.0073949986574282	-0.0813953488372093	0.0517649906019974	1
ARID1A	0.00407297312327732	-0.0930232558139535	0.0356385148286766	1
HLA-C	0.0012290212618337	-0.116279069767442	0.0143385813880598	1
TP53	0.000198008868595718	-0.151162790697674	0.00346515520042507	1
DELETION_6Q25.3	0.0129452224526063	-0.179926560587515	0.0568156535542322	1
DELETION_6Q21	0.0129452224526063	-0.179926560587515	0.0568156535542322	1
AMPLIFICATION_15Q21.2	0.014609739485374	-0.243574051407589	0.0568156535542322	1
DELETION_9P21.1	2.12326833618491e-07	0.841397849462366	3.94114014166107e-06	2
DELETION_9P21.3	2.25208008094918e-07	0.81989247311828	3.94114014166107e-06	2
NOTCH2	0.0448900248789073	-0.043010752688172	0.157115087076176	2
BORCS8-MEF2B	0.0448900248789073	-0.043010752688172	0.157115087076176	2
ANK2	0.0245303699180331	-0.0537634408602151	0.107320368391395	2
PCLO	0.0134987938225596	-0.0645161290322581	0.067493969112798	2
KMT2C	0.0134987938225596	-0.0645161290322581	0.067493969112798	2
ARID1A	0.00411871055112391	-0.0860215053763441	0.0288309738578674	2
S1PR1	0.00227448297853159	-0.0967741935483871	0.0199017260621514	2
HLA-C	0.00125359689526951	-0.10752688172043	0.0146252971114776	2
HLA-C	0.0210249201798854	0.503472222222222	0.0490581470863993	3
UBR5	0.0253360803187462	0.482638888888889	0.052162518303301	3
NOTCH2	0.0449100182877028	-0.0416666666666667	0.0827289810562946	3
BORCS8-MEF2B	0.0449100182877028	-0.0416666666666667	0.0827289810562946	3
ANK2	0.0245568147184813	-0.0520833333333333	0.052162518303301	3
TET2	0.0135246986567618	-0.0625	0.0338117466419045	3
KMT2C	0.0135246986567618	-0.0625	0.0338117466419045	3
KIAA1671	0.00747508726218034	-0.0729166666666667	0.021802337848026	3
DAZAP1	0.00747508726218034	-0.0729166666666667	0.021802337848026	3
ARID1A	0.00413626369287672	-0.0833333333333333	0.0144769229250685	3
S1PR1	0.00228763838235516	-0.09375	0.00889637148693673	3
TP53	0.000208649576332932	-0.135416666666667	0.000912841896456577	3
SMARCA4	0.000113532656727482	-0.145833333333333	0.00056766328363741	3
CCND1	1.77195713267617e-05	-0.177083333333333	0.000124036999287332	3
DELETION_9P21.1	9.42779758294903e-06	-0.1875	8.2493228850804e-05	3
DELETION_TP53	3.99845599744176e-05	-0.197916666666667	0.000233243266517436	3
DELETION_9P21.3	2.61631384513304e-06	-0.208333333333333	4.57854922898282e-05	3
AMPLIFICATION-8Q23.2-8Q24.21	5.51011597072723e-06	-0.322916666666667	6.4284686325151e-05	3
ATM	2.68211573835979e-14	-0.458333333333333	9.38740508425926e-13	3
DELETION_6Q25.3	2.64645606466682e-08	0.825250836120401	9.26259622633387e-07	4
DELETION_6Q21	7.82241585141828e-06	0.737458193979933	0.00013689227739982	4
ATM	0.044255906173161	0.311872909698997	0.119150516620049	4
NOTCH2	0.0395190523197865	0.307692307692308	0.115263902599377	4
BORCS8-MEF2B	0.0395190523197865	0.307692307692308	0.115263902599377	4
ANK2	0.0245211575744128	-0.0543478260869565	0.0858240515104448	4
NOTCH1	0.0245211575744128	-0.0543478260869565	0.0858240515104448	4
TET2	0.0134897730195326	-0.0652173913043478	0.0590177569604551	4
PCLO	0.0134897730195326	-0.0652173913043478	0.0590177569604551	4
RAD50	0.0134897730195326	-0.0652173913043478	0.0590177569604551	4
DAZAP1	0.0074451765414153	-0.0760869565217391	0.0521162357899071	4
UBR5	0.000375673678897538	-0.130434782608696	0.00328714469035346	4
SMARCA4	0.000110921200195913	-0.152173913043478	0.00129408066895232	4
DELETION_1Q21.1-1Q21.3	0.0109465335143899	0.489473684210526	0.0239455420627279	5
KMT2C	0.0457093092047794	0.378947368421053	0.0727193555530581	5
NOTCH2	0.0449035008515277	-0.0421052631578947	0.0727193555530581	5
BORCS8-MEF2B	0.0449035008515277	-0.0421052631578947	0.0727193555530581	5
ANK2	0.0245481919940873	-0.0526315789473684	0.0452203536733187	5
PCLO	0.0135162503880225	-0.0631578947368421	0.0262815979767104	5
RAD50	0.0135162503880225	-0.0631578947368421	0.0262815979767104	5
KIAA1671	0.00746784961751791	-0.0736842105263158	0.0174249824408751	5
DAZAP1	0.00746784961751791	-0.0736842105263158	0.0174249824408751	5
S1PR1	0.00228334439764044	-0.0947368421052632	0.00665975449311795	5
HLA-C	0.00125997508893227	-0.105263157894737	0.00400901164660268	5
UBR5	0.000380248916132513	-0.126315789473684	0.00147874578495977	5
TP53	0.000207674680225485	-0.136842105263158	0.000908576725986497	5
DELETION_15Q26.2	0.000207674680225485	-0.136842105263158	0.000908576725986497	5
CCND1	1.75605852787641e-05	-0.178947368421053	0.000122924096951349	5
DELETION_9P21.1	9.33055258950277e-06	-0.189473684210526	8.16423351581492e-05	5
DELETION_TP53	3.96891360213132e-05	-0.2	0.000231519960124327	5
DELETION_6Q25.3	1.34319843183713e-06	-0.221052631578947	2.35059725571498e-05	5
DELETION_6Q21	1.34319843183713e-06	-0.221052631578947	2.35059725571498e-05	5
AMPLIFICATION-8Q23.2-8Q24.21	5.44654611067749e-06	-0.326315789473684	6.3543037957904e-05	5
DELETION_13Q14.2	0.002792917638218	-0.405263157894737	0.00751939364135615	5
AMPLIFICATION-3Q22.1-3Q22.3	0.00108742964513515	-0.478947368421053	0.00380600375797302	5
AMPLIFICATION_15Q21.2	0.0048920343232785	0.523148148148148	0.0234485505919338	6
ATM	1.6513361029104e-05	0.483024691358025	0.00019265587867288	6
DELETION_11Q22.3	7.46334290168427e-06	0.475308641975309	0.000136768246966821	6
DELETION_13Q14.2	0.0268041651048452	0.259259259259259	0.0625430519113055	6
NOTCH2	0.0447944043243716	-0.0493827160493827	0.0871692276624008	6
BORCS8-MEF2B	0.0447944043243716	-0.0493827160493827	0.0871692276624008	6
NOTCH1	0.02440417791304	-0.0617283950617284	0.0610104447826	6
PCLO	0.0133753798285148	-0.0740740740740741	0.0390115244998348	6
RAD50	0.0133753798285148	-0.0740740740740741	0.0390115244998348	6
KMT2C	0.0133753798285148	-0.0740740740740741	0.0390115244998348	6
UBR5	0.000356282675693334	-0.148148148148148	0.00249397872985334	6
DELETION_6Q25.3	0.0473204378738747	-0.151234567901235	0.0871692276624008	6
DELETION_6Q21	0.0473204378738747	-0.151234567901235	0.0871692276624008	6
TP53	0.000191837177822209	-0.160493827160494	0.00167857530594433	6
DELETION_9P21.3	0.00301649113946182	-0.192901234567901	0.0175961983135273	6
DELETION_8P23.3	0.0199556118591352	-0.208333333333333	0.0537266473130563	6
DELETION_9P21.1	7.81532839810407e-06	-0.222222222222222	0.000136768246966821	6
AMPLIFICATION-8Q23.2-8Q24.21	0.00535966870672773	-0.274691358024691	0.0234485505919338	6
AMPLIFICATION-3Q22.1-3Q22.3	0.0118418547680175	-0.367283950617284	0.0390115244998348	6
TP53	0.000702378453723314	0.674081237911025	0.012291622940158	7
DELETION_TP53	0.032211841338769	0.508704061895551	0.140926805857114	7
NOTCH2	0.0448968380204641	-0.0425531914893617	0.157138933071624	7
BORCS8-MEF2B	0.0448968380204641	-0.0425531914893617	0.157138933071624	7
NOTCH1	0.0245393791782414	-0.0531914893617021	0.140926805857114	7
TET2	0.0135076174821642	-0.0638297872340425	0.0945533223751494	7
KMT2C	0.0135076174821642	-0.0638297872340425	0.0945533223751494	7
DAZAP1	0.00746045540801096	-0.074468085106383	0.0870386464267945	7
DELETION_15Q26.2	0.000206681425966738	-0.138297872340426	0.00723384990883583	7
DELETION_11Q22.3	0.0309424227617047	-0.318181818181818	0.140926805857114	7
DAZAP1	0.00929012731469844	0.693877551020408	0.0361282728904939	8
S1PR1	0.0419813590452963	0.520408163265306	0.0873495692023988	8
NOTCH2	0.0449226355898051	-0.0408163265306122	0.0873495692023988	8
BORCS8-MEF2B	0.0449226355898051	-0.0408163265306122	0.0873495692023988	8
ANK2	0.0245735139643679	-0.0510204081632653	0.0573381992501918	8
NOTCH1	0.0245735139643679	-0.0510204081632653	0.0573381992501918	8
TET2	0.0135410644697889	-0.0612244897959184	0.036456712034047	8
PCLO	0.0135410644697889	-0.0612244897959184	0.036456712034047	8
RAD50	0.0135410644697889	-0.0612244897959184	0.036456712034047	8
KMT2C	0.0135410644697889	-0.0612244897959184	0.036456712034047	8
KIAA1671	0.00748911232104172	-0.0714285714285714	0.0327648664045575	8
ARID1A	0.0041473666927447	-0.0816326530612245	0.0207368334637235	8
DELETION_15Q26.2	0.000210546254908573	-0.13265306122449	0.00122818648696668	8
DELETION_TP53	4.05611793315339e-05	-0.193877551020408	0.000283928255320737	8
KMT2D	2.68502431066385e-06	-0.204081632653061	2.34939627183087e-05	8
DELETION_6Q25.3	1.40422637046603e-06	-0.214285714285714	1.63826409887703e-05	8
DELETION_8P23.3	2.86592482696125e-09	-0.306122448979592	5.01536844718219e-08	8
AMPLIFICATION-3Q22.1-3Q22.3	1.33507143880934e-10	-0.571428571428571	4.67275003583269e-09	8
