membership	membership.1	membership.2	membership.3	membership.4	membership.5	membership.6
MCL-28	1	1	1	1	1	1	1
UNMC-59	1	2	2	1	2	2	2
HUMC-8	2	3	3	2	3	3	3
UNMC-81	1	1	1	3	4	4	3
UNMC-18	2	2	1	4	5	1	1
HUMC-7	3	4	4	4	6	5	4
UNMC-16	2	3	3	5	7	6	1
UNMC-7	3	4	5	6	4	4	3
S92-5	1	4	2	1	2	7	5
UNMC-33	3	4	4	7	5	5	6
WCM062	2	3	3	5	7	6	7
GROUP4-9	2	3	3	2	3	3	8
UNMC-68-A2	3	4	2	6	6	7	9
M47-024	1	4	5	6	4	7	9
SPECS-3163	2	4	3	6	6	7	9
UNMC-5	2	2	3	5	7	6	7
S94-7	2	4	3	6	6	7	9
GROUP7-1	2	3	3	2	3	3	8
M47-027	2	3	3	2	3	3	3
SPECS-3155	3	4	2	6	6	7	9
GROUP7-15	1	1	1	3	1	8	2
WCM032	3	4	2	1	2	2	2
HUMC3	2	2	3	5	7	6	8
IA04	2	4	6	7	5	1	4
HUMC-15	2	3	5	3	4	6	3
IA1857	2	3	1	5	5	6	7
GROUP6-2	3	4	2	6	6	7	9
GROUP5-9	2	4	6	6	2	7	5
GROUP4-2	2	3	1	5	7	6	7
UNMC-62	2	3	4	5	8	9	7
SPECS-1917	2	4	2	6	6	7	9
IA2852	2	3	6	7	5	6	7
MCL-38	1	1	1	3	4	8	3
GROUP5-6	2	3	3	5	7	6	7
MCL-138	1	2	2	1	2	2	1
GROUP4-7	2	3	6	5	5	3	7
MCL-98	1	1	1	3	1	8	2
GROUP7-17	2	3	3	2	3	3	8
M47-029	2	4	6	7	3	1	8
M22-51	2	3	3	5	7	6	7
HUMC-6	2	2	6	5	7	6	7
S03-3	2	2	3	5	7	6	7
MCL-14	2	3	3	5	7	6	7
MCL-37	2	4	6	5	5	6	7
MCL-33	1	2	2	1	2	2	4
IA2268	2	3	3	2	3	3	8
GROUP4-1	2	3	1	5	7	6	7
GROUP4-4	2	3	3	2	3	3	8
MCL-40	2	3	3	2	3	3	8
GROUP7-13	1	2	5	5	7	2	1
UNMC-20	2	3	6	5	7	6	7
UNMC-69	1	2	2	1	2	2	3
SPECS-3158	2	4	2	6	6	7	9
IA4227	1	4	2	7	5	1	4
GROUP6-4	1	2	1	1	1	2	1
GROUP6-3	2	3	3	5	7	6	7
UNMC-28	1	1	1	3	1	7	9
SPECS-3157	1	2	2	1	2	2	4
MCL-39	2	3	3	5	7	6	7
MCL-42	3	1	5	3	4	4	3
UNMC-90	2	2	3	5	7	3	1
UNMC-48	2	4	6	7	5	1	4
GROUP7-6	2	3	3	7	5	3	7
GROUP5-4	1	2	3	1	7	2	9
IA68	4	5	5	2	6	4	3
GROUP7-11	1	1	1	3	1	8	9
UNMC-6	2	3	3	2	3	3	8
SC86-6	4	1	5	3	4	4	3
IA4885	2	3	5	2	4	4	3
UNMC-55	1	1	5	3	4	4	3
UNMC-47	3	4	4	4	6	5	6
UNMC-87	3	4	4	4	6	5	4
GROUP7-9	3	4	3	2	3	3	4
GROUP7-20	3	5	4	4	6	5	6
GROUP5-10	3	4	4	4	6	5	6
UNMC-64	1	2	5	5	1	2	1
IA2745	2	1	1	3	1	6	2
HUMC4	3	5	4	4	6	5	6
UNMC-79-C1	3	4	2	6	6	7	9
IA2084	1	4	4	4	6	5	4
IA4203	3	4	2	4	6	5	6
IA1147	1	3	1	5	8	6	2
UNMC-61	2	3	2	6	6	7	9
MCL-128	1	1	1	3	1	8	2
GROUP7-14	2	3	3	2	3	3	3
GROUP4-6	4	2	5	1	6	7	9
GROUP7-2	1	2	5	1	7	2	1
HUMC5	2	3	3	2	3	3	8
MCL-35	1	3	1	3	1	8	2
MCL-75	2	4	4	6	8	9	10
UNMC-24	2	5	5	2	8	4	3
M47-023	2	3	3	2	3	3	3
UNMC-86	2	3	3	2	3	3	6
GROUP5-1	3	4	2	6	2	7	5
GROUP5-5	2	3	3	2	3	3	8
UNMC-8	1	2	2	1	2	2	4
GROUP6-1	1	1	1	3	1	8	2
UNMC-23	1	1	2	3	1	8	2
MCL-71	1	4	1	3	1	1	2
IA4289	3	4	2	1	2	2	2
S08-1	4	3	5	2	4	4	3
UNMC-84	2	3	5	2	4	4	3
SC02-11	3	1	5	3	6	4	3
UNMC-44	1	1	1	3	1	8	4
M47-022	4	3	5	2	4	4	3
BC04	4	1	5	3	4	4	3
HUMC-9	3	4	2	6	2	7	5
GROUP7-22	2	3	6	7	2	7	5
M47-3	1	1	1	3	1	8	6
UNMC-51	2	3	5	2	8	4	3
GROUP4-3	3	4	6	7	5	5	6
WCM045	3	4	4	4	6	5	6
UNMC-31	1	2	5	1	7	2	1
GROUP7-5	3	5	4	4	6	5	6
GROUP4-8	1	1	4	4	6	9	10
UNMC-97	1	2	2	1	2	2	1
HUMC1	3	5	5	4	7	4	3
MCL-61	3	5	5	4	7	2	1
S87-4	3	4	2	6	6	5	9
UNMC-85	2	3	6	6	3	3	5
SC08-2	3	4	6	7	2	7	5
S06-166	3	3	2	6	6	7	9
IA2334	3	4	6	7	5	5	6
MCL-122	3	4	1	7	1	5	6
GROUP5-3	3	2	3	4	7	6	7
GROUP5-7	3	5	1	6	6	5	6
S89-9	3	4	2	6	6	7	9
GROUP4-5	1	2	5	1	7	2	1
M47-025	2	3	3	2	3	3	8
IA834	2	3	3	2	3	3	8
HUMC-12	1	2	1	1	7	2	1
UNMC-88	1	2	1	1	7	2	1
GROUP4-11	1	2	2	1	2	2	4
UNMC-39	1	2	5	1	7	2	1
MCL-25	2	2	6	4	5	1	1
HUMC-10	3	1	5	6	6	7	3
GROUP7-19	1	1	1	3	8	8	7
GROUP5-8	2	3	3	5	3	7	5
SPECS-3164	2	4	6	7	5	1	4
UNMC-71-A5	3	4	2	6	6	7	9
MCL-24	1	1	1	3	1	8	2
UNMC-37	1	1	1	3	1	8	2
IA-02	1	1	1	3	1	8	2
GROUP7-3	1	2	6	1	2	2	1
S03-8	3	5	4	6	1	5	10
GROUP5-2	2	2	3	5	7	6	1
GROUP4-10	1	4	4	1	8	9	10
MCL-45	2	3	3	2	3	3	8
MCL-109	1	1	1	3	1	8	2
SC01-10	3	1	1	6	2	8	5
WCM041	3	4	2	6	6	7	9
MCL-146	3	5	4	6	1	5	10
MCL-126	2	4	6	7	5	1	4
