Hybridization REF	p	difference	q	subclass
AMPLIFICATION-3Q22.1-3Q22.3	2.15809788188442e-11	1.34586466165414	7.55334258659547e-10	1
AMPLIFICATION-3Q23-3Q29	4.71985474539546e-08	0.959514170040486	8.25974580444205e-07	1
NOTCH2	0.0134805483949578	-0.0659340659340659	0.0471819193823523	1
BIRC3	0.00743728092880808	-0.0769230769230769	0.0325381040635353	1
AMPLIFICATION_13Q31.3	0.0200716453213817	-0.0879120879120879	0.05854229885403	1
UBR5	0.000374087381510018	-0.131868131868132	0.00218217639214177	1
TP53	0.000203586295998791	-0.142857142857143	0.00142510407199154	1
DELETION_17P11.2	0.0444220077422353	-0.180451127819549	0.119597713152172	1
DELETION_6Q25.3	8.92772080382221e-06	-0.197802197802198	7.81175570334443e-05	1
AMPLIFICATION_15Q21.2	0.0114176462917161	-0.246385193753615	0.0444019578011182	1
DELETION_13Q12.11	0.00593678543841561	-0.257374204742626	0.0296839271920781	1
DELETION_11Q22.3	0.0185103998122945	-0.27299016772701	0.05854229885403	1
AMPLIFICATION_14Q32.33	1.00833139806338e-06	-0.351648351648352	1.17638663107394e-05	1
KMT2D	0.000290052417701293	0.604282315622522	0.00169197243659088	2
DELETION_8P23.3	0.0250084259357596	0.367961934972244	0.062521064839399	2
PCLO	0.0245652534334403	-0.0515463917525773	0.062521064839399	2
NOTCH1	0.0245652534334403	-0.0515463917525773	0.062521064839399	2
BIRC3	0.0074821732589165	-0.0721649484536082	0.0261876064062078	2
DELETION_12P13.2	0.00229184492012354	-0.0927835051546392	0.0100268215255405	2
ARID1A	0.00126609856841593	-0.103092783505155	0.00633049284207965	2
DELETION_6Q25.3	9.52370385386184e-06	-0.185567010309278	7.47873582785889e-05	2
DELETION_17P13.3	0.00485977315928239	-0.283901665344964	0.0188991178416537	2
AMPLIFICATION-8Q23.2-8Q24.21	1.06839083255127e-05	-0.288659793814433	7.47873582785889e-05	2
DELETION_13Q14.2	0.0153164309687969	-0.310071371927042	0.048734098537081	2
AMPLIFICATION_14Q32.33	1.11271748033652e-06	-0.329896907216495	1.29817039372594e-05	2
AMPLIFICATION_15Q21.2	1.64336181915792e-08	-0.350515463917526	2.87588318352636e-07	2
DELETION_19P13.3	6.21230512887998e-11	-0.360824742268041	2.17430679510799e-09	2
AMPLIFICATION_14Q32.33	3.79237651738912e-05	0.980676328502415	0.000663665890543096	3
DELETION_19P13.3	1.85526013663034e-06	0.615942028985507	6.49341047820619e-05	3
DELETION_13Q12.11	0.000421709231561533	0.483091787439614	0.00372687930119755	3
DELETION_17P13.3	0.000535785885452839	0.472222222222222	0.00375050119816987	3
DELETION_13Q14.2	0.000958453088026666	0.419082125603865	0.00559097634682222	3
DELETION_11Q22.3	0.00863906433312882	0.341787439613527	0.0377959064574386	3
TP53	0.0414707172896087	0.257246376811594	0.103676793224022	3
DELETION_12P13.2	0.0482528045765576	0.234299516908213	0.112589877345301	3
PCLO	0.0245211575744128	-0.0543478260869565	0.0660185011618806	3
NSD2	0.0245211575744128	-0.0543478260869565	0.0660185011618806	3
SAMHD1	0.0245211575744128	-0.0543478260869565	0.0660185011618806	3
NOTCH2	0.0134897730195326	-0.0652173913043478	0.0524602284092934	3
AMPLIFICATION_13Q31.3	0.0200811986027419	-0.0869565217391304	0.0660185011618806	3
KMT2C	0.00125030728638301	-0.108695652173913	0.00625153643191505	3
DELETION_8P23.3	0.000425929062994006	-0.281400966183575	0.00372687930119755	3
DELETION_1P13.1	0.00978450648644956	0.66025641025641	0.0285381439188112	4
NOTCH2	0.0135862923971538	-0.0576923076923077	0.0365784795307987	4
BIRC3	0.00752790185738387	-0.0673076923076923	0.0239524150007669	4
AMPLIFICATION_13Q31.3	0.0201810795779463	-0.0769230769230769	0.0504526989448657	4
DELETION_12P13.2	0.00231905118035562	-0.0865384615384615	0.00811667913124467	4
ARID1A	0.0012857299915641	-0.0961538461538462	0.00500006107830483	4
KMT2C	0.0012857299915641	-0.0961538461538462	0.00500006107830483	4
TP53	0.000215843760377654	-0.125	0.00107921880188827	4
SP140	0.000215843760377654	-0.125	0.00107921880188827	4
SMARCA4	0.000215843760377654	-0.125	0.00107921880188827	4
DELETION_9P21.1	0.000118235441307385	-0.134615384615385	0.00103456011143962	4
DELETION_TP53	5.63841423578732e-06	-0.240384615384615	9.86722491262781e-05	4
AMPLIFICATION-8Q23.2-8Q24.21	1.13791072869041e-05	-0.269230769230769	0.000132756251680548	4
DELETION_8P23.3	8.25949158264483e-10	-0.307692307692308	2.89082205392569e-08	4
ATM	1.63645532207205e-10	0.640101201771031	2.86379681362609e-09	5
DELETION_11Q22.3	0.000246034066906642	0.457938013915243	0.00123017033453321	5
DELETION_13Q14.2	0.0145583930399208	0.329538266919671	0.036395982599802	5
PCLO	0.0245303699180331	-0.0537634408602151	0.0476979415072866	5
SAMHD1	0.0245303699180331	-0.0537634408602151	0.0476979415072866	5
NOTCH1	0.0245303699180331	-0.0537634408602151	0.0476979415072866	5
TET2	0.0134987938225596	-0.0645161290322581	0.0363429064453528	5
DELETION_12P13.2	0.00227448297853159	-0.0967741935483871	0.00723699129532779	5
ARID1A	0.00125359689526951	-0.10752688172043	0.00438758913344328	5
KMT2C	0.00125359689526951	-0.10752688172043	0.00438758913344328	5
TP53	0.000205669301156616	-0.139784946236559	0.00119973759008026	5
DELETION_9P21.1	0.000111591898082307	-0.150537634408602	0.000781143286576149	5
DELETION_9P21.3	1.72353237718412e-05	-0.182795698924731	0.000150809083003611	5
DELETION_17P11.2	0.00385162614377687	-0.231499051233397	0.0112339095860159	5
DELETION_13Q12.11	0.0179954678890095	-0.23719165085389	0.0419894250743555	5
DELETION_17P13.3	2.17744703749236e-11	-0.387096774193548	7.62106463122326e-10	5
AMPLIFICATION-3Q23-3Q29	0.00122278643957904	-0.463630613535737	0.00438758913344328	5
AMPLIFICATION-3Q22.1-3Q22.3	7.11287802418049e-07	-0.543327008222644	8.29835769487724e-06	5
AMPLIFICATION_15Q21.2	0.0191815768137916	0.515957446808511	0.0429439135619225	6
KMT2C	0.018559072304383	0.332446808510638	0.0429439135619225	6
DELETION_17P11.2	0.0484643466098637	0.287234042553192	0.0771023696066013	6
NSD2	0.0245393791782414	-0.0531914893617021	0.0429439135619225	6
SAMHD1	0.0245393791782414	-0.0531914893617021	0.0429439135619225	6
NOTCH1	0.0245393791782414	-0.0531914893617021	0.0429439135619225	6
TET2	0.0135076174821642	-0.0638297872340425	0.0393972176563123	6
NOTCH2	0.0135076174821642	-0.0638297872340425	0.0393972176563123	6
AMPLIFICATION_13Q31.3	0.0200996751727734	-0.0851063829787234	0.0429439135619225	6
TP53	0.000206681425966738	-0.138297872340426	0.000904231238604479	6
DELETION_9P21.1	0.000112250499317513	-0.148936170212766	0.000561252496587565	6
DELETION_9P21.3	1.73991856224134e-05	-0.180851063829787	0.000101495249464078	6
DELETION_6Q25.3	9.23194582035381e-06	-0.191489361702128	7.25517938544532e-05	6
DELETION_13Q12.11	0.030255223777098	-0.226063829787234	0.05042537296183	6
DELETION_17P13.3	0.0240222893813935	-0.236702127659574	0.0429439135619225	6
KMT2D	4.42166111186056e-08	-0.276595744680851	7.73790694575598e-07	6
DELETION_13Q14.2	0.0207997432324033	-0.280585106382979	0.0429439135619225	6
AMPLIFICATION-8Q23.2-8Q24.21	1.03645419792076e-05	-0.297872340425532	7.25517938544532e-05	6
ATM	0.0032446538198956	-0.321808510638298	0.0126180981884829	6
DELETION_19P13.3	5.22199599038805e-11	-0.372340425531915	1.82769859663582e-09	6
AMPLIFICATION-3Q23-3Q29	0.0124584892724796	-0.441489361702128	0.0393972176563123	6
AMPLIFICATION-3Q22.1-3Q22.3	1.83456657040198e-06	-0.533244680851064	2.14032766546898e-05	6
AMPLIFICATION-8Q23.2-8Q24.21	0.0292534715681361	0.727272727272727	0.0639919690552977	7
DELETION_TP53	0.0179132639046863	0.555555555555556	0.0569967487876382	7
DELETION_17P13.3	0.0108430338435552	0.444444444444444	0.042167353836048	7
DELETION_6Q25.3	0.0232800700360874	0.424242424242424	0.0573570710846971	7
NSD2	0.0245816018934416	-0.0505050505050505	0.0573570710846971	7
SAMHD1	0.0245816018934416	-0.0505050505050505	0.0573570710846971	7
NOTCH1	0.0245816018934416	-0.0505050505050505	0.0573570710846971	7
TET2	0.0135489930074483	-0.0606060606060606	0.047421475526069	7
BIRC3	0.00749590896869122	-0.0707070707070707	0.0327946017380241	7
DELETION_12P13.2	0.00230000610191914	-0.0909090909090909	0.0115000305095957	7
ARID1A	0.00127198223042312	-0.101010101010101	0.00741989634413487	7
UBR5	0.000385952173050749	-0.121212121212121	0.00270166521135524	7
SMARCA4	0.000211468975599931	-0.131313131313131	0.0018503535364994	7
DELETION_9P21.1	0.000115372687118211	-0.141414141414141	0.00134601468304579	7
HLA-C	0.000115372687118211	-0.141414141414141	0.00134601468304579	7
DELETION_9P21.3	1.81825195199947e-05	-0.171717171717172	0.000636388183199815	7
DELETION_9P21.1	5.17226478292668e-71	0.96	1.81029267402434e-69	8
DELETION_9P21.3	5.63396599137243e-59	0.93	9.85944048490175e-58	8
PCLO	0.0245895225721711	-0.05	0.0860633290025989	8
NOTCH2	0.0135567589193151	-0.06	0.0593108202720036	8
BIRC3	0.00750256753860962	-0.07	0.0375128376930481	8
AMPLIFICATION_13Q31.3	0.0201505324510851	-0.08	0.0783631817542198	8
KMT2C	0.00127483847198362	-0.1	0.00743655775323778	8
SMARCA4	0.000212375215978249	-0.13	0.00148662651184774	8
HLA-C	0.000115964951991428	-0.14	0.00101469332992499	8
AMPLIFICATION_14Q32.33	1.16278178499071e-06	-0.32	1.35657874915583e-05	8
