Hybridization REF	p	difference	q	subclass
AMPLIFICATION-3Q22.1-3Q22.3	1.46905528749257e-07	1.39285714285714	2.570846753112e-06	1
AMPLIFICATION-3Q23-3Q29	3.09523077314187e-11	1.35952380952381	1.08333077059965e-09	1
TET2	0.0448210096244096	-0.0476190476190476	0.156873533685434	1
SAMHD1	0.0244392426967647	-0.0595238095238095	0.106921686798346	1
RAD50	0.0134096393229407	-0.0714285714285714	0.0670481966147035	1
DAZAP1	0.00737665029998526	-0.0833333333333333	0.0430304600832473	1
DELETION_12P13.2	0.00222946144422572	-0.107142857142857	0.01560623010958	1
UBR5	0.000105078762055696	-0.166666666666667	0.00091943916798734	1
DELETION_13Q12.11	0.0432288579885515	-0.223809523809524	0.156873533685434	1
AMPLIFICATION_15Q21.2	4.36973117060397e-07	-0.369047619047619	5.09801969903796e-06	1
UBR5	0.00395813881690818	0.461904761904762	0.0138534858591786	2
DAZAP1	0.0283196896408314	0.30952380952381	0.0707992241020785	2
PCLO	0.0448210096244096	-0.0476190476190476	0.0871519631585742	2
NSD2	0.0448210096244096	-0.0476190476190476	0.0871519631585742	2
NOTCH2	0.0448210096244096	-0.0476190476190476	0.0871519631585742	2
BORCS8-MEF2B	0.0448210096244096	-0.0476190476190476	0.0871519631585742	2
KIAA1671	0.0244392426967647	-0.0595238095238095	0.0657979611066742	2
SPEN	0.0134096393229407	-0.0714285714285714	0.0426670342093568	2
DELETION_12P13.2	0.00222946144422572	-0.107142857142857	0.00867012783865558	2
ARID1A	0.0012212755714426	-0.119047619047619	0.006106377857213	2
TP53	0.000666464732319879	-0.130952380952381	0.00388771093853263	2
DELETION_15Q26.2	0.000362026168447412	-0.142857142857143	0.00253418317913188	2
CCND1	0.000362026168447412	-0.142857142857143	0.00253418317913188	2
DELETION_TP53	2.72998471777364e-05	-0.261904761904762	0.000318498217073591	2
AMPLIFICATION-8Q23.2-8Q24.21	8.16576849694719e-06	-0.357142857142857	0.000142900948696576	2
DELETION_11Q22.3	0.00146034353815689	-0.378571428571429	0.00638900297943639	2
AMPLIFICATION-3Q23-3Q29	0.0176876649161857	-0.447619047619048	0.0515890226722083	2
AMPLIFICATION-3Q22.1-3Q22.3	6.76148491326332e-09	-0.571428571428571	2.36651971964216e-07	2
AMPLIFICATION-8Q23.2-8Q24.21	0.000336034630441841	1.36490683229814	0.00196020201091074	3
TET2	0.0448830562873425	-0.0434782608695652	0.0924062923562934	3
PCLO	0.0448830562873425	-0.0434782608695652	0.0924062923562934	3
NSD2	0.0448830562873425	-0.0434782608695652	0.0924062923562934	3
BORCS8-MEF2B	0.0448830562873425	-0.0434782608695652	0.0924062923562934	3
ANK2	0.0448830562873425	-0.0434782608695652	0.0924062923562934	3
KIAA1671	0.0245211575744128	-0.0543478260869565	0.0715200429253707	3
SAMHD1	0.0245211575744128	-0.0543478260869565	0.0715200429253707	3
SPEN	0.0134897730195326	-0.0652173913043478	0.0472142055683641	3
DAZAP1	0.0074451765414153	-0.0760869565217391	0.0289534643277262	3
ARID1A	0.00125030728638301	-0.108695652173913	0.00547009437792567	3
SP140	0.000686639004143181	-0.119565217391304	0.0034331950207159	3
SMARCA4	0.00020463777470324	-0.141304347826087	0.00143246442292268	3
UBR5	0.000110921200195913	-0.152173913043478	0.000970560501714239	3
DELETION_9P21.1	5.97978906599129e-05	-0.16304347826087	0.000697642057698984	3
DELETION_9P21.3	1.70689501998939e-05	-0.184782608695652	0.000298706628498143	3
DELETION_17P11.2	9.96059684929939e-09	-0.304347826086957	3.48620889725479e-07	3
DELETION_11Q22.3	5.14502738107969e-08	0.543478260869565	1.80075958337789e-06	4
AMPLIFICATION_15Q21.2	0.00217075607140356	0.507246376811594	0.0151952924998249	4
ATM	0.00775684148930873	0.295652173913043	0.0339361815157257	4
RAD50	0.0132074514001664	-0.0869565217391304	0.0497185074472069	4
TP53	0.000617037227047633	-0.159420289855072	0.00719876764888905	4
DELETION_9P21.1	0.00503359614718307	-0.169565217391304	0.0251679807359153	4
AMPLIFICATION_7P22.3	0.0188794393149232	-0.208695652173913	0.0600709432747556	4
DELETION_8P23.3	0.00273134356246237	-0.247826086956522	0.0159328374476972	4
AMPLIFICATION-3Q22.1-3Q22.3	0.0142052878420591	-0.360869565217391	0.0497185074472069	4
AMPLIFICATION-8Q23.2-8Q24.21	9.83674107733927e-05	-0.38695652173913	0.00172142968853437	4
AMPLIFICATION-3Q23-3Q29	0.00113183628045138	-0.449275362318841	0.00990356745394957	4
DELETION_TP53	0.0286700922470531	0.410759493670886	0.143350461235266	5
ARID1A	0.0109511943887278	0.312025316455696	0.0766583607210946	5
DELETION_17P11.2	0.0375622819727105	0.272151898734177	0.156714180552845	5
TET2	0.0447754801579558	-0.0506329113924051	0.156714180552845	5
BORCS8-MEF2B	0.0447754801579558	-0.0506329113924051	0.156714180552845	5
DAZAP1	0.00732663558931128	-0.0886075949367089	0.0744364841476559	5
DELETION_9P21.3	0.0281006699186309	-0.15253164556962	0.143350461235266	5
AMPLIFICATION_15Q21.2	0.0085070267597321	-0.267088607594937	0.0744364841476559	5
DELETION_11Q22.3	0.000444283568984274	-0.381645569620253	0.0155499249144496	5
AMPLIFICATION-3Q23-3Q29	0.002985799104267	-0.434177215189873	0.0522514843246725	5
DELETION_9P21.1	2.04970729042502e-07	0.870689655172414	7.17397551648757e-06	6
DELETION_9P21.3	2.44099737993273e-05	0.752873563218391	0.000427174541488228	6
DELETION_19P13.3	0.0384156706333253	0.344827586206897	0.13079991260268	6
PCLO	0.0448456843209189	-0.0459770114942529	0.13079991260268	6
NOTCH2	0.0448456843209189	-0.0459770114942529	0.13079991260268	6
ANK2	0.0448456843209189	-0.0459770114942529	0.13079991260268	6
SAMHD1	0.0244717950588958	-0.0574712643678161	0.122358975294479	6
SPEN	0.0134414670689159	-0.0689655172413793	0.0784085579020094	6
DAZAP1	0.00740385085892246	-0.0804597701149425	0.0518269560124572	6
DELETION_15Q26.2	0.000367410893220906	-0.137931034482759	0.00321484531568293	6
CCND1	0.000367410893220906	-0.137931034482759	0.00321484531568293	6
DELETION_17P11.2	0.029949676166095	-0.227011494252874	0.13079991260268	6
