Hybridization REF	p	difference	q	subclass
Composite Element REF	p	difference	q	subclass
DELETION_1P13.1	0.000842179609045372	0.585924713584288	0.0058952572633176	1
WIDE_PEAK_1P21.2-22.1	4.89619759856398e-05	0.454991816693944	0.000856834579748697	1
SPEN	0.0321756322199606	0.342062193126023	0.0662439486881542	1
DELETION_1Q21.1-1Q21.3	0.0474220797601403	0.32569558101473	0.0829886395802455	1
TET2	0.0135076174821642	-0.0638297872340425	0.0315177741250498	1
BORCS8-MEF2B	0.0135076174821642	-0.0638297872340425	0.0315177741250498	1
KMT2C	0.0135076174821642	-0.0638297872340425	0.0315177741250498	1
KIAA1671	0.00746045540801096	-0.074468085106383	0.0217596616066986	1
AMPLIFICATION_13Q31.3	0.0340758914711313	-0.074468085106383	0.0662586778605331	1
DAZAP1	0.00746045540801096	-0.074468085106383	0.0217596616066986	1
RAD50	0.00412468652685428	-0.0851063829787234	0.01443640284399	1
DELETION_12P13.2	0.00227896021777755	-0.0957446808510638	0.00886262306913492	1
SP140	0.00125681880986717	-0.106382978723404	0.00628409404933585	1
HLA-C	0.00125681880986717	-0.106382978723404	0.00628409404933585	1
SMARCA4	0.000378753563407494	-0.127659574468085	0.00331409367981557	1
UBR5	0.000378753563407494	-0.127659574468085	0.00331409367981557	1
DELETION_9P21.1	2.54603924683425e-06	-0.212765957446809	8.91113736391988e-05	1
AMPLIFICATION_15Q21.2	0.0183862122929666	-0.242225859247136	0.0402198393908644	1
AMPLIFICATION-3Q22.1-3Q22.3	0.0376989929094131	-0.322422258592471	0.069445513254182	1
DELETION_17P13.3	0.00161672299215666	-0.327332242225859	0.00707316309068539	1
UBR5	0.00237127588592358	0.37379679144385	0.0118563794296179	2
SP140	0.0120228121119674	0.282887700534759	0.0293573561715096	2
HLA-C	0.0120228121119674	0.282887700534759	0.0293573561715096	2
TET2	0.0134205056784044	-0.0705882352941176	0.0293573561715096	2
BORCS8-MEF2B	0.0134205056784044	-0.0705882352941176	0.0293573561715096	2
KMT2C	0.0134205056784044	-0.0705882352941176	0.0293573561715096	2
KIAA1671	0.0073859343732267	-0.0823529411764706	0.0258507703062935	2
AMPLIFICATION_13Q31.3	0.0339946879657832	-0.0823529411764706	0.0661007821556896	2
SPEN	0.00223492765101759	-0.105882352941176	0.0118563794296179	2
DELETION_15Q26.2	0.0111380473592541	-0.166310160427807	0.0293573561715096	2
DELETION_6Q25.3	0.0018443536040169	-0.213368983957219	0.0118563794296179	2
DELETION_17P11.2	0.00698736463073388	-0.226737967914438	0.0258507703062935	2
DELETION_9P21.1	2.20977812331214e-06	-0.235294117647059	7.73422343159249e-05	2
AMPLIFICATION-8Q23.2-8Q24.21	0.0446584999646461	-0.238502673796791	0.0822656578296112	2
DELETION_11Q22.3	0.0280181638932731	-0.24331550802139	0.0576844550743858	2
DELETION_17P13.3	0.00321103537408471	-0.28716577540107	0.0140482797616206	2
DELETION_TP53	4.9733976125049e-06	-0.305882352941176	8.70344582188358e-05	2
ATM	0.00158204598046743	-0.310695187165775	0.0118563794296179	2
AMPLIFICATION-3Q22.1-3Q22.3	9.91149896378445e-05	-0.475401069518717	0.00115634154577485	2
DELETION_TP53	0.000243650624937638	0.706605222734255	0.00426388593640867	3
TP53	0.000494989865287933	0.610599078341014	0.00577488176169255	3
DELETION_17P13.3	0.000997850114886082	0.484639016897081	0.00873118850525322	3
NSD2	0.0448900248789073	-0.043010752688172	0.142831897341978	3
BORCS8-MEF2B	0.0134987938225596	-0.0645161290322581	0.0472457783789586	3
KMT2C	0.0134987938225596	-0.0645161290322581	0.0472457783789586	3
DAZAP1	0.00745289950203391	-0.0752688172043011	0.0326064353213984	3
S1PR1	0.00227448297853159	-0.0967741935483871	0.011372414892658	3
DELETION_12P13.2	0.00227448297853159	-0.0967741935483871	0.011372414892658	3
HLA-C	0.00125359689526951	-0.10752688172043	0.00877517826688657	3
DELETION_11Q22.3	8.78573602524286e-05	-0.401689708141321	0.003075007608835	3
AMPLIFICATION-8Q23.2-8Q24.21	0.0013196619348897	0.914492753623188	0.0115470419302849	4
AMPLIFICATION_7P22.3	0.0414086811016542	0.481884057971014	0.14227926225669	4
DELETION_8P23.3	0.0020190921635269	0.481884057971014	0.0141336451446883	4
DELETION_9P21.1	0.00998399445723453	0.402898550724638	0.0582399676672014	4
DELETION_11Q22.3	0.0487814613451508	0.286231884057971	0.14227926225669	4
NSD2	0.0448830562873425	-0.0434782608695652	0.14227926225669	4
BORCS8-MEF2B	0.0134897730195326	-0.0652173913043478	0.067448865097663	4
AMPLIFICATION_13Q31.3	0.0340592775420015	-0.0760869565217391	0.132452745996672	4
SP140	0.00125030728638301	-0.108695652173913	0.0115470419302849	4
HLA-C	0.00125030728638301	-0.108695652173913	0.0115470419302849	4
SMARCA4	0.000375673678897538	-0.130434782608696	0.0115470419302849	4
KMT2D	0.0230701543537458	-0.194202898550725	0.100931925297638	4
AMPLIFICATION_15Q21.2	0.000102448038991519	0.684235517568851	0.00179284068235158	5
ATM	0.000368456816032285	0.408357075023742	0.00322399714028249	5
DELETION_11Q22.3	0.00157499371540549	0.358974358974359	0.0110249560078384	5
DELETION_17P11.2	0.027598798965323	0.251661918328585	0.0965957963786305	5
NSD2	0.0447944043243716	-0.0493827160493827	0.120600319334847	5
RAD50	0.00403544608523912	-0.0987654320987654	0.0176550766229212	5
S1PR1	0.00221226601318824	-0.111111111111111	0.0110613300659412	5
SPEN	0.00221226601318824	-0.111111111111111	0.0110613300659412	5
DELETION_9P21.1	0.0438939493972396	-0.145299145299145	0.120600319334847	5
TP53	0.000356282675693334	-0.148148148148148	0.00322399714028249	5
DELETION_8P23.3	0.0308179567493252	-0.180911680911681	0.0980571351114893	5
AMPLIFICATION_7P22.3	0.00951706907615959	-0.231718898385565	0.0370108241850651	5
AMPLIFICATION-3Q22.1-3Q22.3	9.82355705587633e-05	-0.475783475783476	0.00179284068235158	5
AMPLIFICATION-3Q22.1-3Q22.3	2.3314496107668e-08	1.34705882352941	8.1600736376838e-07	6
BORCS8-MEF2B	0.0247703807472991	0.283006535947712	0.108370415769434	6
AMPLIFICATION_13Q31.3	0.0340418931105823	-0.0777777777777778	0.132385139874487	6
DAZAP1	0.00742920681420601	-0.0777777777777778	0.0371460340710301	6
SP140	0.00124351631358049	-0.111111111111111	0.00870461419506343	6
TP53	0.000372468945848173	-0.133333333333333	0.00325910327617151	6
UBR5	0.000372468945848173	-0.133333333333333	0.00325910327617151	6
AMPLIFICATION_14Q32.33	0.00530119041452583	-0.252287581699346	0.0309236107514007	6
WIDE_PEAK_1P21.2-22.1	0.0401929321971193	-0.272549019607843	0.140675262689918	6
AMPLIFICATION_15Q21.2	2.37143951477765e-07	-0.344444444444444	4.15001915086089e-06	6
