Hybridization REF	p	difference	q	subclass
Composite Element REF	p	difference	q	subclass
AMPLIFICATION-3Q22.1-3Q22.3	8.03099752781459e-08	1.21578421578422	2.81084913473511e-06	1
AMPLIFICATION-8Q23.2-8Q24.21	0.00143256613912411	0.665834165834166	0.00835663581155731	1
NSD2	0.0245117352059073	-0.0549450549450549	0.0714925610172296	1
BIRC3	0.0134805483949578	-0.0659340659340659	0.0428926539839566	1
SAMHD1	0.00743728092880808	-0.0769230769230769	0.0325381040635353	1
AMPLIFICATION_18Q21.33	0.0059926087845875	-0.0989010989010989	0.0299630439229375	1
AMPLIFICATION_13Q31.3	0.0116159043810241	-0.10989010989011	0.0425308946574593	1
HLA-C	0.000684299704559387	-0.120879120879121	0.00479009793191571	1
SP140	0.000684299704559387	-0.120879120879121	0.00479009793191571	1
TP53	8.92772080382221e-06	-0.197802197802198	0.000104156742711259	1
DELETION_19P13.3	0.0121516841878455	-0.237262737262737	0.0425308946574593	1
AMPLIFICATION_15Q21.2	2.05009385675123e-07	-0.32967032967033	3.58766424931465e-06	1
AMPLIFICATION_14Q32.33	0.000474258774773214	0.474315068493151	0.00397742263055609	2
DELETION_11Q22.3	8.17897590774675e-06	0.421232876712329	0.000286264156771136	2
AMPLIFICATION_15Q21.2	0.0026544474660805	0.363013698630137	0.0154842768854696	2
ATM	0.00411551037436879	0.282534246575342	0.0205775518718439	2
BIRC3	0.012359142085014	0.15	0.04806333033061	2
NOTCH1	0.0447120973913709	-0.0547945205479452	0.130410284058165	2
DELETION_6Q25.3	0.0162089958383838	-0.173972602739726	0.0567314854343433	2
DELETION_TP53	0.0201321121604198	-0.201369863013699	0.0640567205104266	2
DELETION_6Q21	0.00634897941294343	-0.201369863013699	0.0277767849316275	2
DELETION_9P21.3	0.000568203232936584	-0.223972602739726	0.00397742263055609	2
DELETION_9P21.1	8.56525174439594e-05	-0.23527397260274	0.000999279370179526	2
AMPLIFICATION-3Q22.1-3Q22.3	3.27121666618565e-05	-0.567123287671233	0.000572462916582489	2
DELETION_9P21.3	1.09724513561238e-05	0.574396135265701	0.000384035797464333	3
DELETION_9P21.1	3.31851202712216e-05	0.542028985507246	0.000580739604746378	3
DELETION_6Q25.3	0.00010339844973371	0.497584541062802	0.00120631524689328	3
DELETION_6Q21	0.000184437063954907	0.47536231884058	0.00161382430960544	3
ANK2	0.0134711129658071	-0.0666666666666667	0.0589361192254061	3
BIRC3	0.0134711129658071	-0.0666666666666667	0.0589361192254061	3
HLA-C	0.000681911505081557	-0.122222222222222	0.0047733805355709	3
AMPLIFICATION_14Q32.33	0.00194440489872884	-0.290821256038647	0.0113423619092516	3
DELETION_TP53	0.00216285232120079	0.657142857142857	0.00946247890525346	4
TP53	0.00170952264039901	0.508163265306122	0.00854761320199505	4
SPEN	0.0370317110814701	0.292517006802721	0.076241758108909	4
NOTCH1	0.0449226355898051	-0.0408163265306122	0.0827522234549041	4
NSD2	0.0245735139643679	-0.0510204081632653	0.0573381992501918	4
ANK2	0.0135410644697889	-0.0612244897959184	0.0338526611744722	4
BIRC3	0.0135410644697889	-0.0612244897959184	0.0338526611744722	4
SAMHD1	0.00748911232104172	-0.0714285714285714	0.021843244269705	4
KMT2C	0.0041473666927447	-0.0816326530612245	0.0145157834246064	4
RAD50	0.0041473666927447	-0.0816326530612245	0.0145157834246064	4
AMPLIFICATION_18Q21.33	0.00604056460732951	-0.0918367346938776	0.0192199782960484	4
DELETION_12P13.2	0.00126906949116164	-0.102040816326531	0.00740290536510957	4
CARD11	0.00126906949116164	-0.102040816326531	0.00740290536510957	4
HLA-C	0.000699726554340186	-0.112244897959184	0.00612260735047663	4
CCND1	0.000114770061874468	-0.142857142857143	0.00133898405520213	4
DELETION_6Q25.3	0.0434204219744946	-0.168027210884354	0.0827522234549041	4
ATM	0.0279297947072758	-0.279591836734694	0.0610964259221658	4
AMPLIFICATION_15Q21.2	2.37659116112081e-07	-0.306122448979592	8.31806906392283e-06	4
DELETION_11Q22.3	2.53969920090129e-06	-0.474149659863946	4.44447360157726e-05	4
HLA-C	0.0146793316358128	0.411538461538462	0.0270408740659709	5
ANK2	0.0135567589193151	-0.06	0.0263603645653349	5
BIRC3	0.0135567589193151	-0.06	0.0263603645653349	5
KMT2C	0.00415802403635592	-0.08	0.00970205608483048	5
SPEN	0.00230396571269008	-0.09	0.00620298461108868	5
KIAA1671	0.00230396571269008	-0.09	0.00620298461108868	5
DELETION_12P13.2	0.00127483847198362	-0.1	0.00405630422903879	5
AMPLIFICATION_13Q31.3	0.0116899317018782	-0.1	0.0255717255978586	5
CCND1	0.000115964951991428	-0.14	0.000450974813299998	5
TP53	9.80361683666374e-06	-0.18	5.71877648805385e-05	5
DELETION_9P21.1	2.75220049556932e-06	-0.2	1.92654034689852e-05	5
DELETION_9P21.3	7.52283884128223e-07	-0.22	8.77664531482927e-06	5
DELETION_TP53	1.33142262162224e-06	-0.26	1.16499479391946e-05	5
DELETION_17P13.3	0.00291426641291523	-0.303076923076923	0.00728566603228808	5
AMPLIFICATION_14Q32.33	1.07194831225547e-07	-0.36	3.75181909289414e-06	5
AMPLIFICATION-8Q23.2-8Q24.21	3.39971895990995e-07	-0.37	5.94950817984241e-06	5
AMPLIFICATION-3Q22.1-3Q22.3	0.0165410570493371	-0.379230769230769	0.0289468498363399	5
ATM	0.000150996702593143	-0.413076923076923	0.000528488459076001	5
DELETION_11Q22.3	4.9974439356334e-05	-0.453076923076923	0.000218638172183961	5
DELETION_13Q14.2	4.9974439356334e-05	-0.453076923076923	0.000218638172183961	5
