Hybridization REF	p	difference	q	subclass
AMPLIFICATION-3Q22.1-3Q22.3	6.38698241028105e-11	1.27961672473868	2.23544384359837e-09	1
AMPLIFICATION-8Q23.2-8Q24.21	0.000612198788732891	0.650696864111498	0.00558755069312355	1
DELETION_8P23.3	0.00945880839306921	0.291811846689895	0.0551763822929037	1
DAZAP1	0.0133870868298953	-0.0731707317073171	0.0669354341494765	1
TP53	0.040035929430277	-0.110627177700348	0.158197613339354	1
AMPLIFICATION_18Q21.33	0.00221813538946177	-0.146341463414634	0.0155269477262324	1
HLA-C	0.000193123434129252	-0.158536585365854	0.00337966009726191	1
AMPLIFICATION_17Q24.3	0.0406793862872625	-0.198606271777004	0.158197613339354	1
WIDE_PEAK_1P21.2-22.1	0.0469848088997099	-0.215156794425087	0.164446831148985	1
AMPLIFICATION_15Q21.2	0.000638577222071263	-0.256968641114983	0.00558755069312355	1
ATM	6.78318499567904e-07	0.533882783882784	2.37411474848766e-05	2
RAD50	0.0134096393229407	-0.0714285714285714	0.0521485973669916	2
AMPLIFICATION_13Q31.3	0.0199981667809126	-0.0952380952380952	0.0699935837331941	2
CARD11	0.0012212755714426	-0.119047619047619	0.006106377857213	2
KMT2D	0.0262378650626	-0.161172161172161	0.0834841161082727	2
DELETION_9P21.1	5.60836172441157e-05	-0.178571428571429	0.00039258532070881	2
SMARCA4	2.97272898623451e-05	-0.19047619047619	0.00034681838172736	2
DELETION_13Q12.11	0.00329742924049687	-0.253663003663004	0.0144262529271738	2
DELETION_8P23.3	7.62029582005823e-05	-0.315934065934066	0.000444517256170063	2
AMPLIFICATION_17Q24.3	4.29038118407661e-05	-0.330586080586081	0.000375408353606703	2
AMPLIFICATION-3Q22.1-3Q22.3	5.54707173357087e-06	-0.610805860805861	9.70737553374902e-05	2
DELETION_9P21.1	0.00023872354015597	0.614035087719298	0.00451038399623436	3
DELETION_9P21.3	0.000386604342534374	0.582456140350877	0.00451038399623436	3
TET2	0.0449035008515277	-0.0421052631578947	0.194708064074364	3
BORCS8-MEF2B	0.0245481919940873	-0.0526315789473684	0.143197786632176	3
ANK2	0.0245481919940873	-0.0526315789473684	0.143197786632176	3
RAD50	0.0135162503880225	-0.0631578947368421	0.118267190895197	3
UBR5	0.000380248916132513	-0.126315789473684	0.00451038399623436	3
AMPLIFICATION_15Q21.2	0.039123131166683	-0.185964912280702	0.194708064074364	3
UBR5	0.0123404016472011	0.334541062801932	0.0319526962116655	4
HLA-C	0.0414707172896087	0.257246376811594	0.0785453485028494	4
NOTCH2	0.0448830562873425	-0.0434782608695652	0.0785453485028494	4
TET2	0.0448830562873425	-0.0434782608695652	0.0785453485028494	4
BORCS8-MEF2B	0.0245211575744128	-0.0543478260869565	0.0504847361826146	4
ANK2	0.0245211575744128	-0.0543478260869565	0.0504847361826146	4
AMPLIFICATION_13Q31.3	0.0200811986027419	-0.0869565217391304	0.0468561300730644	4
KIAA1671	0.00411260420393774	-0.0869565217391304	0.0119950955948184	4
AMPLIFICATION_18Q21.33	0.00226990969346599	-0.130434782608696	0.00794468392713097	4
TP53	0.00020463777470324	-0.141304347826087	0.000895290264326675	4
DELETION_15Q26.2	0.00020463777470324	-0.141304347826087	0.000895290264326675	4
DELETION_9P21.1	5.97978906599129e-05	-0.16304347826087	0.000348821028849492	4
DELETION_6Q21	9.03055354529274e-06	-0.195652173913043	6.32138748170492e-05	4
DELETION_9P21.3	9.03055354529274e-06	-0.195652173913043	6.32138748170492e-05	4
AMPLIFICATION_15Q21.2	0.0127810784846662	-0.205314009661836	0.0319526962116655	4
DELETION_TP53	4.93406283092418e-06	-0.271739130434783	5.75640663607821e-05	4
DELETION_11Q22.3	0.0025540863078907	-0.344202898550725	0.0081266382523795	4
AMPLIFICATION-8Q23.2-8Q24.21	4.87980648974092e-07	-0.402173913043478	8.53966135704661e-06	4
ATM	1.66175805869125e-14	-0.478260869565217	5.81615320541937e-13	4
AMPLIFICATION-3Q22.1-3Q22.3	0.000251116266516557	-0.496376811594203	0.000976563258675499	4
DELETION_TP53	0.00202410842759239	0.773809523809524	0.013393138785333	5
TP53	0.00116637687924628	0.615646258503401	0.0111043580476643	5
DELETION_17P13.3	0.00411752921280074	0.474489795918367	0.0205876460640037	5
NOTCH2	0.0449226355898051	-0.0408163265306122	0.131024353803598	5
BORCS8-MEF2B	0.0245735139643679	-0.0510204081632653	0.0781884535229888	5
ANK2	0.0245735139643679	-0.0510204081632653	0.0781884535229888	5
DAZAP1	0.0135410644697889	-0.0612244897959184	0.0592421570553264	5
KMT2C	0.00126906949116164	-0.102040816326531	0.0111043580476643	5
CARD11	0.00126906949116164	-0.102040816326531	0.0111043580476643	5
S1PR1	0.00126906949116164	-0.102040816326531	0.0111043580476643	5
AMPLIFICATION_18Q21.33	0.00229596664891422	-0.122448979591837	0.013393138785333	5
ATM	0.0494950153763905	-0.261904761904762	0.133255810628744	5
DELETION_11Q22.3	0.0186329364109843	-0.32312925170068	0.0724614193760501	5
AMPLIFICATION_15Q21.2	4.34777096970179e-06	1.36363636363636	7.60859919697813e-05	6
AMPLIFICATION_17Q24.3	0.00133272378991332	0.98989898989899	0.0066636189495666	6
WIDE_PEAK_1P21.2-22.1	0.000276024615818904	0.474747474747475	0.00161014359227694	6
NOTCH2	0.0449287442720772	-0.0404040404040404	0.104833736634847	6
TET2	0.0449287442720772	-0.0404040404040404	0.104833736634847	6
BORCS8-MEF2B	0.0245816018934416	-0.0505050505050505	0.0682376211702756	6
ANK2	0.0245816018934416	-0.0505050505050505	0.0682376211702756	6
RAD50	0.0135489930074483	-0.0606060606060606	0.0526905283622989	6
AMPLIFICATION_13Q31.3	0.0201424978104394	-0.0808080808080808	0.0682376211702756	6
SPEN	0.00230000610191914	-0.0909090909090909	0.0100625266958962	6
TP53	0.000211468975599931	-0.131313131313131	0.00148028282919952	6
DELETION_9P21.1	6.26476663488807e-05	-0.151515151515152	0.000548167080552706	6
DELETION_9P21.3	9.71159111371071e-06	-0.181818181818182	0.000113301896326625	6
KMT2D	7.40746166024983e-07	-0.222222222222222	2.59261158108744e-05	6
AMPLIFICATION-8Q23.2-8Q24.21	0.0253454021489595	-0.272727272727273	0.0682376211702756	6
